 1,  1,  1,  2 
 2,  1,  2,  3 
 3,  1,  3,  4 
 4,  1,  4,  5 
 5,  1,  5,  6 
 6,  1,  6,  7 
 7,  1,  7,  8 
 8,  1,  8,  9 
 9,  1,  10,  11 
 10,  1,  11,  12 
 11,  1,  12,  13 
 12,  1,  13,  14 
 13,  1,  14,  15 
 14,  1,  15,  16 
 15,  1,  16,  17 
 16,  1,  17,  18 
 17,  1,  19,  20 
 18,  1,  20,  21 
 19,  1,  21,  22 
 20,  1,  22,  23 
 21,  1,  23,  24 
 22,  1,  24,  25 
 23,  1,  25,  26 
 24,  1,  26,  27 
 25,  1,  28,  29 
 26,  1,  29,  30 
 27,  1,  30,  31 
 28,  1,  31,  32 
 29,  1,  32,  33 
 30,  1,  33,  34 
 31,  1,  34,  35 
 32,  1,  35,  36 
 33,  1,  37,  38 
 34,  1,  38,  39 
 35,  1,  39,  40 
 36,  1,  40,  41 
 37,  1,  41,  42 
 38,  1,  42,  43 
 39,  1,  43,  44 
 40,  1,  44,  45 
 41,  1,  46,  47 
 42,  1,  47,  48 
 43,  1,  48,  49 
 44,  1,  49,  50 
 45,  1,  50,  51 
 46,  1,  51,  52 
 47,  1,  52,  53 
 48,  1,  53,  54 
 49,  1,  55,  56 
 50,  1,  56,  57 
 51,  1,  57,  58 
 52,  1,  58,  59 
 53,  1,  59,  60 
 54,  1,  60,  61 
 55,  1,  61,  62 
 56,  1,  62,  63 
 57,  1,  64,  65 
 58,  1,  65,  66 
 59,  1,  66,  67 
 60,  1,  67,  68 
 61,  1,  68,  69 
 62,  1,  69,  70 
 63,  1,  70,  71 
 64,  1,  71,  72 
 65,  1,  73,  74 
 66,  1,  74,  75 
 67,  1,  75,  76 
 68,  1,  76,  77 
 69,  1,  77,  78 
 70,  1,  78,  79 
 71,  1,  79,  80 
 72,  1,  80,  81 
 73,  1,  82,  83 
 74,  1,  83,  84 
 75,  1,  84,  85 
 76,  1,  85,  86 
 77,  1,  86,  87 
 78,  1,  87,  88 
 79,  1,  88,  89 
 80,  1,  89,  90 
 81,  1,  91,  92 
 82,  1,  92,  93 
 83,  1,  93,  94 
 84,  1,  94,  95 
 85,  1,  95,  96 
 86,  1,  96,  97 
 87,  1,  97,  98 
 88,  1,  98,  99 
 89,  1,  100,  101 
 90,  1,  101,  102 
 91,  1,  102,  103 
 92,  1,  103,  104 
 93,  1,  104,  105 
 94,  1,  105,  106 
 95,  1,  106,  107 
 96,  1,  107,  108 
 97,  1,  109,  110 
 98,  1,  110,  111 
 99,  1,  111,  112 
 100,  1,  112,  113 
 101,  1,  113,  114 
 102,  1,  114,  115 
 103,  1,  115,  116 
 104,  1,  116,  117 
 105,  1,  118,  119 
 106,  1,  119,  120 
 107,  1,  120,  121 
 108,  1,  121,  122 
 109,  1,  122,  123 
 110,  1,  123,  124 
 111,  1,  124,  125 
 112,  1,  125,  126 
 113,  1,  127,  128 
 114,  1,  128,  129 
 115,  1,  129,  130 
 116,  1,  130,  131 
 117,  1,  131,  132 
 118,  1,  132,  133 
 119,  1,  133,  134 
 120,  1,  134,  135 
 121,  1,  136,  137 
 122,  1,  137,  138 
 123,  1,  138,  139 
 124,  1,  139,  140 
 125,  1,  140,  141 
 126,  1,  141,  142 
 127,  1,  142,  143 
 128,  1,  143,  144 
 129,  1,  145,  146 
 130,  1,  146,  147 
 131,  1,  147,  148 
 132,  1,  148,  149 
 133,  1,  149,  150 
 134,  1,  150,  151 
 135,  1,  151,  152 
 136,  1,  152,  153 
 137,  1,  154,  155 
 138,  1,  155,  156 
 139,  1,  156,  157 
 140,  1,  157,  158 
 141,  1,  158,  159 
 142,  1,  159,  160 
 143,  1,  160,  161 
 144,  1,  161,  162 
 145,  1,  163,  164 
 146,  1,  164,  165 
 147,  1,  165,  166 
 148,  1,  166,  167 
 149,  1,  167,  168 
 150,  1,  168,  169 
 151,  1,  169,  170 
 152,  1,  170,  171 
 153,  1,  172,  173 
 154,  1,  173,  174 
 155,  1,  174,  175 
 156,  1,  175,  176 
 157,  1,  176,  177 
 158,  1,  177,  178 
 159,  1,  178,  179 
 160,  1,  179,  180 
 161,  1,  181,  182 
 162,  1,  182,  183 
 163,  1,  183,  184 
 164,  1,  184,  185 
 165,  1,  185,  186 
 166,  1,  186,  187 
 167,  1,  187,  188 
 168,  1,  188,  189 
 169,  1,  190,  191 
 170,  1,  191,  192 
 171,  1,  192,  193 
 172,  1,  193,  194 
 173,  1,  194,  195 
 174,  1,  195,  196 
 175,  1,  196,  197 
 176,  1,  197,  198 
 177,  1,  199,  200 
 178,  1,  200,  201 
 179,  1,  201,  202 
 180,  1,  202,  203 
 181,  1,  203,  204 
 182,  1,  204,  205 
 183,  1,  205,  206 
 184,  1,  206,  207 
 185,  1,  208,  209 
 186,  1,  209,  210 
 187,  1,  210,  211 
 188,  1,  211,  212 
 189,  1,  212,  213 
 190,  1,  213,  214 
 191,  1,  214,  215 
 192,  1,  215,  216 
 193,  1,  217,  218 
 194,  1,  218,  219 
 195,  1,  219,  220 
 196,  1,  220,  221 
 197,  1,  221,  222 
 198,  1,  222,  223 
 199,  1,  223,  224 
 200,  1,  224,  225 
 201,  1,  226,  227 
 202,  1,  227,  228 
 203,  1,  228,  229 
 204,  1,  229,  230 
 205,  1,  230,  231 
 206,  1,  231,  232 
 207,  1,  232,  233 
 208,  1,  233,  234 
 209,  1,  235,  236 
 210,  1,  236,  237 
 211,  1,  237,  238 
 212,  1,  238,  239 
 213,  1,  239,  240 
 214,  1,  240,  241 
 215,  1,  241,  242 
 216,  1,  242,  243 
 217,  1,  244,  245 
 218,  1,  245,  246 
 219,  1,  246,  247 
 220,  1,  247,  248 
 221,  1,  248,  249 
 222,  1,  249,  250 
 223,  1,  250,  251 
 224,  1,  251,  252 
 225,  1,  253,  254 
 226,  1,  254,  255 
 227,  1,  255,  256 
 228,  1,  256,  257 
 229,  1,  257,  258 
 230,  1,  258,  259 
 231,  1,  259,  260 
 232,  1,  260,  261 
 233,  1,  262,  263 
 234,  1,  263,  264 
 235,  1,  264,  265 
 236,  1,  265,  266 
 237,  1,  266,  267 
 238,  1,  267,  268 
 239,  1,  268,  269 
 240,  1,  269,  270 
 241,  1,  271,  272 
 242,  1,  272,  273 
 243,  1,  273,  274 
 244,  1,  274,  275 
 245,  1,  275,  276 
 246,  1,  276,  277 
 247,  1,  277,  278 
 248,  1,  278,  279 
 249,  1,  280,  281 
 250,  1,  281,  282 
 251,  1,  282,  283 
 252,  1,  283,  284 
 253,  1,  284,  285 
 254,  1,  285,  286 
 255,  1,  286,  287 
 256,  1,  287,  288 
 257,  1,  289,  290 
 258,  1,  290,  291 
 259,  1,  291,  292 
 260,  1,  292,  293 
 261,  1,  293,  294 
 262,  1,  294,  295 
 263,  1,  295,  296 
 264,  1,  296,  297 
 265,  1,  298,  299 
 266,  1,  299,  300 
 267,  1,  300,  301 
 268,  1,  301,  302 
 269,  1,  302,  303 
 270,  1,  303,  304 
 271,  1,  304,  305 
 272,  1,  305,  306 
 273,  1,  307,  308 
 274,  1,  308,  309 
 275,  1,  309,  310 
 276,  1,  310,  311 
 277,  1,  311,  312 
 278,  1,  312,  313 
 279,  1,  313,  314 
 280,  1,  314,  315 
 281,  1,  316,  317 
 282,  1,  317,  318 
 283,  1,  318,  319 
 284,  1,  319,  320 
 285,  1,  320,  321 
 286,  1,  321,  322 
 287,  1,  322,  323 
 288,  1,  323,  324 
 289,  1,  325,  326 
 290,  1,  326,  327 
 291,  1,  327,  328 
 292,  1,  328,  329 
 293,  1,  329,  330 
 294,  1,  330,  331 
 295,  1,  331,  332 
 296,  1,  332,  333 
 297,  1,  334,  335 
 298,  1,  335,  336 
 299,  1,  336,  337 
 300,  1,  337,  338 
 301,  1,  338,  339 
 302,  1,  339,  340 
 303,  1,  340,  341 
 304,  1,  341,  342 
 305,  1,  343,  344 
 306,  1,  344,  345 
 307,  1,  345,  346 
 308,  1,  346,  347 
 309,  1,  347,  348 
 310,  1,  348,  349 
 311,  1,  349,  350 
 312,  1,  350,  351 
 313,  1,  352,  353 
 314,  1,  353,  354 
 315,  1,  354,  355 
 316,  1,  355,  356 
 317,  1,  356,  357 
 318,  1,  357,  358 
 319,  1,  358,  359 
 320,  1,  359,  360 
 321,  1,  361,  362 
 322,  1,  362,  363 
 323,  1,  363,  364 
 324,  1,  364,  365 
 325,  1,  365,  366 
 326,  1,  366,  367 
 327,  1,  367,  368 
 328,  1,  368,  369 
 329,  1,  370,  371 
 330,  1,  371,  372 
 331,  1,  372,  373 
 332,  1,  373,  374 
 333,  1,  374,  375 
 334,  1,  375,  376 
 335,  1,  376,  377 
 336,  1,  377,  378 
 337,  1,  379,  380 
 338,  1,  380,  381 
 339,  1,  381,  382 
 340,  1,  382,  383 
 341,  1,  383,  384 
 342,  1,  384,  385 
 343,  1,  385,  386 
 344,  1,  386,  387 
 345,  1,  388,  389 
 346,  1,  389,  390 
 347,  1,  390,  391 
 348,  1,  391,  392 
 349,  1,  392,  393 
 350,  1,  393,  394 
 351,  1,  394,  395 
 352,  1,  395,  396 
 353,  1,  397,  398 
 354,  1,  398,  399 
 355,  1,  399,  400 
 356,  1,  400,  401 
 357,  1,  401,  402 
 358,  1,  402,  403 
 359,  1,  403,  404 
 360,  1,  404,  405 
 361,  1,  406,  407 
 362,  1,  407,  408 
 363,  1,  408,  409 
 364,  1,  409,  410 
 365,  1,  410,  411 
 366,  1,  411,  412 
 367,  1,  412,  413 
 368,  1,  413,  414 
 369,  1,  415,  416 
 370,  1,  416,  417 
 371,  1,  417,  418 
 372,  1,  418,  419 
 373,  1,  419,  420 
 374,  1,  420,  421 
 375,  1,  421,  422 
 376,  1,  422,  423 
 377,  1,  424,  425 
 378,  1,  425,  426 
 379,  1,  426,  427 
 380,  1,  427,  428 
 381,  1,  428,  429 
 382,  1,  429,  430 
 383,  1,  430,  431 
 384,  1,  431,  432 
 385,  1,  433,  434 
 386,  1,  434,  435 
 387,  1,  435,  436 
 388,  1,  436,  437 
 389,  1,  437,  438 
 390,  1,  438,  439 
 391,  1,  439,  440 
 392,  1,  440,  441 
 393,  1,  442,  443 
 394,  1,  443,  444 
 395,  1,  444,  445 
 396,  1,  445,  446 
 397,  1,  446,  447 
 398,  1,  447,  448 
 399,  1,  448,  449 
 400,  1,  449,  450 
 401,  1,  451,  452 
 402,  1,  452,  453 
 403,  1,  453,  454 
 404,  1,  454,  455 
 405,  1,  455,  456 
 406,  1,  456,  457 
 407,  1,  457,  458 
 408,  1,  458,  459 
 409,  1,  460,  461 
 410,  1,  461,  462 
 411,  1,  462,  463 
 412,  1,  463,  464 
 413,  1,  464,  465 
 414,  1,  465,  466 
 415,  1,  466,  467 
 416,  1,  467,  468 
 417,  1,  469,  470 
 418,  1,  470,  471 
 419,  1,  471,  472 
 420,  1,  472,  473 
 421,  1,  473,  474 
 422,  1,  474,  475 
 423,  1,  475,  476 
 424,  1,  476,  477 
 425,  1,  478,  479 
 426,  1,  479,  480 
 427,  1,  480,  481 
 428,  1,  481,  482 
 429,  1,  482,  483 
 430,  1,  483,  484 
 431,  1,  484,  485 
 432,  1,  485,  486 
 433,  1,  487,  488 
 434,  1,  488,  489 
 435,  1,  489,  490 
 436,  1,  490,  491 
 437,  1,  491,  492 
 438,  1,  492,  493 
 439,  1,  493,  494 
 440,  1,  494,  495 
 441,  1,  496,  497 
 442,  1,  497,  498 
 443,  1,  498,  499 
 444,  1,  499,  500 
 445,  1,  500,  501 
 446,  1,  501,  502 
 447,  1,  502,  503 
 448,  1,  503,  504 
 449,  1,  505,  506 
 450,  1,  506,  507 
 451,  1,  507,  508 
 452,  1,  508,  509 
 453,  1,  509,  510 
 454,  1,  510,  511 
 455,  1,  511,  512 
 456,  1,  512,  513 
 457,  1,  514,  515 
 458,  1,  515,  516 
 459,  1,  516,  517 
 460,  1,  517,  518 
 461,  1,  518,  519 
 462,  1,  519,  520 
 463,  1,  520,  521 
 464,  1,  521,  522 
 465,  1,  523,  524 
 466,  1,  524,  525 
 467,  1,  525,  526 
 468,  1,  526,  527 
 469,  1,  527,  528 
 470,  1,  528,  529 
 471,  1,  529,  530 
 472,  1,  530,  531 
 473,  1,  532,  533 
 474,  1,  533,  534 
 475,  1,  534,  535 
 476,  1,  535,  536 
 477,  1,  536,  537 
 478,  1,  537,  538 
 479,  1,  538,  539 
 480,  1,  539,  540 
 481,  1,  541,  542 
 482,  1,  542,  543 
 483,  1,  543,  544 
 484,  1,  544,  545 
 485,  1,  545,  546 
 486,  1,  546,  547 
 487,  1,  547,  548 
 488,  1,  548,  549 
 489,  1,  550,  551 
 490,  1,  551,  552 
 491,  1,  552,  553 
 492,  1,  553,  554 
 493,  1,  554,  555 
 494,  1,  555,  556 
 495,  1,  556,  557 
 496,  1,  557,  558 
 497,  1,  559,  560 
 498,  1,  560,  561 
 499,  1,  561,  562 
 500,  1,  562,  563 
 501,  1,  563,  564 
 502,  1,  564,  565 
 503,  1,  565,  566 
 504,  1,  566,  567 
 505,  1,  568,  569 
 506,  1,  569,  570 
 507,  1,  570,  571 
 508,  1,  571,  572 
 509,  1,  572,  573 
 510,  1,  573,  574 
 511,  1,  574,  575 
 512,  1,  575,  576 
 513,  1,  577,  578 
 514,  1,  578,  579 
 515,  1,  579,  580 
 516,  1,  580,  581 
 517,  1,  581,  582 
 518,  1,  582,  583 
 519,  1,  583,  584 
 520,  1,  584,  585 
 521,  1,  586,  587 
 522,  1,  587,  588 
 523,  1,  588,  589 
 524,  1,  589,  590 
 525,  1,  590,  591 
 526,  1,  591,  592 
 527,  1,  592,  593 
 528,  1,  593,  594 
 529,  1,  595,  596 
 530,  1,  596,  597 
 531,  1,  597,  598 
 532,  1,  598,  599 
 533,  1,  599,  600 
 534,  1,  600,  601 
 535,  1,  601,  602 
 536,  1,  602,  603 
 537,  1,  604,  605 
 538,  1,  605,  606 
 539,  1,  606,  607 
 540,  1,  607,  608 
 541,  1,  608,  609 
 542,  1,  609,  610 
 543,  1,  610,  611 
 544,  1,  611,  612 
 545,  1,  613,  614 
 546,  1,  614,  615 
 547,  1,  615,  616 
 548,  1,  616,  617 
 549,  1,  617,  618 
 550,  1,  618,  619 
 551,  1,  619,  620 
 552,  1,  620,  621 
 553,  1,  622,  623 
 554,  1,  623,  624 
 555,  1,  624,  625 
 556,  1,  625,  626 
 557,  1,  626,  627 
 558,  1,  627,  628 
 559,  1,  628,  629 
 560,  1,  629,  630 
 561,  1,  631,  632 
 562,  1,  632,  633 
 563,  1,  633,  634 
 564,  1,  634,  635 
 565,  1,  635,  636 
 566,  1,  636,  637 
 567,  1,  637,  638 
 568,  1,  638,  639 
 569,  1,  640,  641 
 570,  1,  641,  642 
 571,  1,  642,  643 
 572,  1,  643,  644 
 573,  1,  644,  645 
 574,  1,  645,  646 
 575,  1,  646,  647 
 576,  1,  647,  648 
 577,  1,  649,  650 
 578,  1,  650,  651 
 579,  1,  651,  652 
 580,  1,  652,  653 
 581,  1,  653,  654 
 582,  1,  654,  655 
 583,  1,  655,  656 
 584,  1,  656,  657 
 585,  1,  658,  659 
 586,  1,  659,  660 
 587,  1,  660,  661 
 588,  1,  661,  662 
 589,  1,  662,  663 
 590,  1,  663,  664 
 591,  1,  664,  665 
 592,  1,  665,  666 
 593,  1,  667,  668 
 594,  1,  668,  669 
 595,  1,  669,  670 
 596,  1,  670,  671 
 597,  1,  671,  672 
 598,  1,  672,  673 
 599,  1,  673,  674 
 600,  1,  674,  675 
 601,  1,  676,  677 
 602,  1,  677,  678 
 603,  1,  678,  679 
 604,  1,  679,  680 
 605,  1,  680,  681 
 606,  1,  681,  682 
 607,  1,  682,  683 
 608,  1,  683,  684 
 609,  1,  685,  686 
 610,  1,  686,  687 
 611,  1,  687,  688 
 612,  1,  688,  689 
 613,  1,  689,  690 
 614,  1,  690,  691 
 615,  1,  691,  692 
 616,  1,  692,  693 
 617,  1,  694,  695 
 618,  1,  695,  696 
 619,  1,  696,  697 
 620,  1,  697,  698 
 621,  1,  698,  699 
 622,  1,  699,  700 
 623,  1,  700,  701 
 624,  1,  701,  702 
 625,  1,  703,  704 
 626,  1,  704,  705 
 627,  1,  705,  706 
 628,  1,  706,  707 
 629,  1,  707,  708 
 630,  1,  708,  709 
 631,  1,  709,  710 
 632,  1,  710,  711 
 633,  1,  712,  713 
 634,  1,  713,  714 
 635,  1,  714,  715 
 636,  1,  715,  716 
 637,  1,  716,  717 
 638,  1,  717,  718 
 639,  1,  718,  719 
 640,  1,  719,  720 
 641,  1,  721,  722 
 642,  1,  722,  723 
 643,  1,  723,  724 
 644,  1,  724,  725 
 645,  1,  725,  726 
 646,  1,  726,  727 
 647,  1,  727,  728 
 648,  1,  728,  729 
 649,  1,  730,  731 
 650,  1,  731,  732 
 651,  1,  732,  733 
 652,  1,  733,  734 
 653,  1,  734,  735 
 654,  1,  735,  736 
 655,  1,  736,  737 
 656,  1,  737,  738 
 657,  1,  739,  740 
 658,  1,  740,  741 
 659,  1,  741,  742 
 660,  1,  742,  743 
 661,  1,  743,  744 
 662,  1,  744,  745 
 663,  1,  745,  746 
 664,  1,  746,  747 
 665,  1,  748,  749 
 666,  1,  749,  750 
 667,  1,  750,  751 
 668,  1,  751,  752 
 669,  1,  752,  753 
 670,  1,  753,  754 
 671,  1,  754,  755 
 672,  1,  755,  756 
 673,  1,  757,  758 
 674,  1,  758,  759 
 675,  1,  759,  760 
 676,  1,  760,  761 
 677,  1,  761,  762 
 678,  1,  762,  763 
 679,  1,  763,  764 
 680,  1,  764,  765 
 681,  1,  766,  767 
 682,  1,  767,  768 
 683,  1,  768,  769 
 684,  1,  769,  770 
 685,  1,  770,  771 
 686,  1,  771,  772 
 687,  1,  772,  773 
 688,  1,  773,  774 
 689,  1,  775,  776 
 690,  1,  776,  777 
 691,  1,  777,  778 
 692,  1,  778,  779 
 693,  1,  779,  780 
 694,  1,  780,  781 
 695,  1,  781,  782 
 696,  1,  782,  783 
 697,  1,  784,  785 
 698,  1,  785,  786 
 699,  1,  786,  787 
 700,  1,  787,  788 
 701,  1,  788,  789 
 702,  1,  789,  790 
 703,  1,  790,  791 
 704,  1,  791,  792 
 705,  1,  793,  794 
 706,  1,  794,  795 
 707,  1,  795,  796 
 708,  1,  796,  797 
 709,  1,  797,  798 
 710,  1,  798,  799 
 711,  1,  799,  800 
 712,  1,  800,  801 
 713,  1,  802,  803 
 714,  1,  803,  804 
 715,  1,  804,  805 
 716,  1,  805,  806 
 717,  1,  806,  807 
 718,  1,  807,  808 
 719,  1,  808,  809 
 720,  1,  809,  810 
 721,  1,  811,  812 
 722,  1,  812,  813 
 723,  1,  813,  814 
 724,  1,  814,  815 
 725,  1,  815,  816 
 726,  1,  816,  817 
 727,  1,  817,  818 
 728,  1,  818,  819 
 729,  1,  820,  821 
 730,  1,  821,  822 
 731,  1,  822,  823 
 732,  1,  823,  824 
 733,  1,  824,  825 
 734,  1,  825,  826 
 735,  1,  826,  827 
 736,  1,  827,  828 
 737,  1,  829,  830 
 738,  1,  830,  831 
 739,  1,  831,  832 
 740,  1,  832,  833 
 741,  1,  833,  834 
 742,  1,  834,  835 
 743,  1,  835,  836 
 744,  1,  836,  837 
 745,  1,  838,  839 
 746,  1,  839,  840 
 747,  1,  840,  841 
 748,  1,  841,  842 
 749,  1,  842,  843 
 750,  1,  843,  844 
 751,  1,  844,  845 
 752,  1,  845,  846 
 753,  1,  847,  848 
 754,  1,  848,  849 
 755,  1,  849,  850 
 756,  1,  850,  851 
 757,  1,  851,  852 
 758,  1,  852,  853 
 759,  1,  853,  854 
 760,  1,  854,  855 
 761,  1,  856,  857 
 762,  1,  857,  858 
 763,  1,  858,  859 
 764,  1,  859,  860 
 765,  1,  860,  861 
 766,  1,  861,  862 
 767,  1,  862,  863 
 768,  1,  863,  864 
 769,  1,  865,  866 
 770,  1,  866,  867 
 771,  1,  867,  868 
 772,  1,  868,  869 
 773,  1,  869,  870 
 774,  1,  870,  871 
 775,  1,  871,  872 
 776,  1,  872,  873 
 777,  1,  874,  875 
 778,  1,  875,  876 
 779,  1,  876,  877 
 780,  1,  877,  878 
 781,  1,  878,  879 
 782,  1,  879,  880 
 783,  1,  880,  881 
 784,  1,  881,  882 
 785,  1,  883,  884 
 786,  1,  884,  885 
 787,  1,  885,  886 
 788,  1,  886,  887 
 789,  1,  887,  888 
 790,  1,  888,  889 
 791,  1,  889,  890 
 792,  1,  890,  891 
 793,  1,  892,  893 
 794,  1,  893,  894 
 795,  1,  894,  895 
 796,  1,  895,  896 
 797,  1,  896,  897 
 798,  1,  897,  898 
 799,  1,  898,  899 
 800,  1,  899,  900 
 801,  1,  901,  902 
 802,  1,  902,  903 
 803,  1,  903,  904 
 804,  1,  904,  905 
 805,  1,  905,  906 
 806,  1,  906,  907 
 807,  1,  907,  908 
 808,  1,  908,  909 
 809,  1,  910,  911 
 810,  1,  911,  912 
 811,  1,  912,  913 
 812,  1,  913,  914 
 813,  1,  914,  915 
 814,  1,  915,  916 
 815,  1,  916,  917 
 816,  1,  917,  918 
 817,  1,  919,  920 
 818,  1,  920,  921 
 819,  1,  921,  922 
 820,  1,  922,  923 
 821,  1,  923,  924 
 822,  1,  924,  925 
 823,  1,  925,  926 
 824,  1,  926,  927 
 825,  1,  928,  929 
 826,  1,  929,  930 
 827,  1,  930,  931 
 828,  1,  931,  932 
 829,  1,  932,  933 
 830,  1,  933,  934 
 831,  1,  934,  935 
 832,  1,  935,  936 
 833,  1,  937,  938 
 834,  1,  938,  939 
 835,  1,  939,  940 
 836,  1,  940,  941 
 837,  1,  941,  942 
 838,  1,  942,  943 
 839,  1,  943,  944 
 840,  1,  944,  945 
 841,  1,  946,  947 
 842,  1,  947,  948 
 843,  1,  948,  949 
 844,  1,  949,  950 
 845,  1,  950,  951 
 846,  1,  951,  952 
 847,  1,  952,  953 
 848,  1,  953,  954 
 849,  1,  955,  956 
 850,  1,  956,  957 
 851,  1,  957,  958 
 852,  1,  958,  959 
 853,  1,  959,  960 
 854,  1,  960,  961 
 855,  1,  961,  962 
 856,  1,  962,  963 
 857,  1,  964,  965 
 858,  1,  965,  966 
 859,  1,  966,  967 
 860,  1,  967,  968 
 861,  1,  968,  969 
 862,  1,  969,  970 
 863,  1,  970,  971 
 864,  1,  971,  972 
 865,  1,  973,  974 
 866,  1,  974,  975 
 867,  1,  975,  976 
 868,  1,  976,  977 
 869,  1,  977,  978 
 870,  1,  978,  979 
 871,  1,  979,  980 
 872,  1,  980,  981 
 873,  1,  982,  983 
 874,  1,  983,  984 
 875,  1,  984,  985 
 876,  1,  985,  986 
 877,  1,  986,  987 
 878,  1,  987,  988 
 879,  1,  988,  989 
 880,  1,  989,  990 
 881,  1,  991,  992 
 882,  1,  992,  993 
 883,  1,  993,  994 
 884,  1,  994,  995 
 885,  1,  995,  996 
 886,  1,  996,  997 
 887,  1,  997,  998 
 888,  1,  998,  999 
 889,  1,  1000,  1001 
 890,  1,  1001,  1002 
 891,  1,  1002,  1003 
 892,  1,  1003,  1004 
 893,  1,  1004,  1005 
 894,  1,  1005,  1006 
 895,  1,  1006,  1007 
 896,  1,  1007,  1008 
 897,  1,  1009,  1010 
 898,  1,  1010,  1011 
 899,  1,  1011,  1012 
 900,  1,  1012,  1013 
 901,  1,  1013,  1014 
 902,  1,  1014,  1015 
 903,  1,  1015,  1016 
 904,  1,  1016,  1017 
 905,  1,  1018,  1019 
 906,  1,  1019,  1020 
 907,  1,  1020,  1021 
 908,  1,  1021,  1022 
 909,  1,  1022,  1023 
 910,  1,  1023,  1024 
 911,  1,  1024,  1025 
 912,  1,  1025,  1026 
 913,  1,  1027,  1028 
 914,  1,  1028,  1029 
 915,  1,  1029,  1030 
 916,  1,  1030,  1031 
 917,  1,  1031,  1032 
 918,  1,  1032,  1033 
 919,  1,  1033,  1034 
 920,  1,  1034,  1035 
 921,  1,  1036,  1037 
 922,  1,  1037,  1038 
 923,  1,  1038,  1039 
 924,  1,  1039,  1040 
 925,  1,  1040,  1041 
 926,  1,  1041,  1042 
 927,  1,  1042,  1043 
 928,  1,  1043,  1044 
 929,  1,  1045,  1046 
 930,  1,  1046,  1047 
 931,  1,  1047,  1048 
 932,  1,  1048,  1049 
 933,  1,  1049,  1050 
 934,  1,  1050,  1051 
 935,  1,  1051,  1052 
 936,  1,  1052,  1053 
 937,  1,  1054,  1055 
 938,  1,  1055,  1056 
 939,  1,  1056,  1057 
 940,  1,  1057,  1058 
 941,  1,  1058,  1059 
 942,  1,  1059,  1060 
 943,  1,  1060,  1061 
 944,  1,  1061,  1062 
 945,  1,  1063,  1064 
 946,  1,  1064,  1065 
 947,  1,  1065,  1066 
 948,  1,  1066,  1067 
 949,  1,  1067,  1068 
 950,  1,  1068,  1069 
 951,  1,  1069,  1070 
 952,  1,  1070,  1071 
 953,  1,  1072,  1073 
 954,  1,  1073,  1074 
 955,  1,  1074,  1075 
 956,  1,  1075,  1076 
 957,  1,  1076,  1077 
 958,  1,  1077,  1078 
 959,  1,  1078,  1079 
 960,  1,  1079,  1080 
 961,  1,  1081,  1082 
 962,  1,  1082,  1083 
 963,  1,  1083,  1084 
 964,  1,  1084,  1085 
 965,  1,  1085,  1086 
 966,  1,  1086,  1087 
 967,  1,  1087,  1088 
 968,  1,  1088,  1089 
 969,  1,  1090,  1091 
 970,  1,  1091,  1092 
 971,  1,  1092,  1093 
 972,  1,  1093,  1094 
 973,  1,  1094,  1095 
 974,  1,  1095,  1096 
 975,  1,  1096,  1097 
 976,  1,  1097,  1098 
 977,  1,  1099,  1100 
 978,  1,  1100,  1101 
 979,  1,  1101,  1102 
 980,  1,  1102,  1103 
 981,  1,  1103,  1104 
 982,  1,  1104,  1105 
 983,  1,  1105,  1106 
 984,  1,  1106,  1107 
 985,  1,  1108,  1109 
 986,  1,  1109,  1110 
 987,  1,  1110,  1111 
 988,  1,  1111,  1112 
 989,  1,  1112,  1113 
 990,  1,  1113,  1114 
 991,  1,  1114,  1115 
 992,  1,  1115,  1116 
 993,  1,  1117,  1118 
 994,  1,  1118,  1119 
 995,  1,  1119,  1120 
 996,  1,  1120,  1121 
 997,  1,  1121,  1122 
 998,  1,  1122,  1123 
 999,  1,  1123,  1124 
 1000,  1,  1124,  1125 
 1001,  1,  1126,  1127 
 1002,  1,  1127,  1128 
 1003,  1,  1128,  1129 
 1004,  1,  1129,  1130 
 1005,  1,  1130,  1131 
 1006,  1,  1131,  1132 
 1007,  1,  1132,  1133 
 1008,  1,  1133,  1134 
 1009,  1,  1135,  1136 
 1010,  1,  1136,  1137 
 1011,  1,  1137,  1138 
 1012,  1,  1138,  1139 
 1013,  1,  1139,  1140 
 1014,  1,  1140,  1141 
 1015,  1,  1141,  1142 
 1016,  1,  1142,  1143 
 1017,  1,  1144,  1145 
 1018,  1,  1145,  1146 
 1019,  1,  1146,  1147 
 1020,  1,  1147,  1148 
 1021,  1,  1148,  1149 
 1022,  1,  1149,  1150 
 1023,  1,  1150,  1151 
 1024,  1,  1151,  1152 
 1025,  1,  1153,  1154 
 1026,  1,  1154,  1155 
 1027,  1,  1155,  1156 
 1028,  1,  1156,  1157 
 1029,  1,  1157,  1158 
 1030,  1,  1158,  1159 
 1031,  1,  1159,  1160 
 1032,  1,  1160,  1161 
 1033,  1,  1162,  1163 
 1034,  1,  1163,  1164 
 1035,  1,  1164,  1165 
 1036,  1,  1165,  1166 
 1037,  1,  1166,  1167 
 1038,  1,  1167,  1168 
 1039,  1,  1168,  1169 
 1040,  1,  1169,  1170 
 1041,  1,  1171,  1172 
 1042,  1,  1172,  1173 
 1043,  1,  1173,  1174 
 1044,  1,  1174,  1175 
 1045,  1,  1175,  1176 
 1046,  1,  1176,  1177 
 1047,  1,  1177,  1178 
 1048,  1,  1178,  1179 
 1049,  1,  1180,  1181 
 1050,  1,  1181,  1182 
 1051,  1,  1182,  1183 
 1052,  1,  1183,  1184 
 1053,  1,  1184,  1185 
 1054,  1,  1185,  1186 
 1055,  1,  1186,  1187 
 1056,  1,  1187,  1188 
 1057,  1,  1189,  1190 
 1058,  1,  1190,  1191 
 1059,  1,  1191,  1192 
 1060,  1,  1192,  1193 
 1061,  1,  1193,  1194 
 1062,  1,  1194,  1195 
 1063,  1,  1195,  1196 
 1064,  1,  1196,  1197 
 1065,  1,  1198,  1199 
 1066,  1,  1199,  1200 
 1067,  1,  1200,  1201 
 1068,  1,  1201,  1202 
 1069,  1,  1202,  1203 
 1070,  1,  1203,  1204 
 1071,  1,  1204,  1205 
 1072,  1,  1205,  1206 
 1073,  1,  1207,  1208 
 1074,  1,  1208,  1209 
 1075,  1,  1209,  1210 
 1076,  1,  1210,  1211 
 1077,  1,  1211,  1212 
 1078,  1,  1212,  1213 
 1079,  1,  1213,  1214 
 1080,  1,  1214,  1215 
 1081,  1,  1216,  1217 
 1082,  1,  1217,  1218 
 1083,  1,  1218,  1219 
 1084,  1,  1219,  1220 
 1085,  1,  1220,  1221 
 1086,  1,  1221,  1222 
 1087,  1,  1222,  1223 
 1088,  1,  1223,  1224 
 1089,  1,  1225,  1226 
 1090,  1,  1226,  1227 
 1091,  1,  1227,  1228 
 1092,  1,  1228,  1229 
 1093,  1,  1229,  1230 
 1094,  1,  1230,  1231 
 1095,  1,  1231,  1232 
 1096,  1,  1232,  1233 
 1097,  1,  1234,  1235 
 1098,  1,  1235,  1236 
 1099,  1,  1236,  1237 
 1100,  1,  1237,  1238 
 1101,  1,  1238,  1239 
 1102,  1,  1239,  1240 
 1103,  1,  1240,  1241 
 1104,  1,  1241,  1242 
 1105,  1,  1243,  1244 
 1106,  1,  1244,  1245 
 1107,  1,  1245,  1246 
 1108,  1,  1246,  1247 
 1109,  1,  1247,  1248 
 1110,  1,  1248,  1249 
 1111,  1,  1249,  1250 
 1112,  1,  1250,  1251 
 1113,  1,  1252,  1253 
 1114,  1,  1253,  1254 
 1115,  1,  1254,  1255 
 1116,  1,  1255,  1256 
 1117,  1,  1256,  1257 
 1118,  1,  1257,  1258 
 1119,  1,  1258,  1259 
 1120,  1,  1259,  1260 
 1121,  1,  1261,  1262 
 1122,  1,  1262,  1263 
 1123,  1,  1263,  1264 
 1124,  1,  1264,  1265 
 1125,  1,  1265,  1266 
 1126,  1,  1266,  1267 
 1127,  1,  1267,  1268 
 1128,  1,  1268,  1269 
 1129,  1,  1270,  1271 
 1130,  1,  1271,  1272 
 1131,  1,  1272,  1273 
 1132,  1,  1273,  1274 
 1133,  1,  1274,  1275 
 1134,  1,  1275,  1276 
 1135,  1,  1276,  1277 
 1136,  1,  1277,  1278 
 1137,  1,  1279,  1280 
 1138,  1,  1280,  1281 
 1139,  1,  1281,  1282 
 1140,  1,  1282,  1283 
 1141,  1,  1283,  1284 
 1142,  1,  1284,  1285 
 1143,  1,  1285,  1286 
 1144,  1,  1286,  1287 
 1145,  1,  1288,  1289 
 1146,  1,  1289,  1290 
 1147,  1,  1290,  1291 
 1148,  1,  1291,  1292 
 1149,  1,  1292,  1293 
 1150,  1,  1293,  1294 
 1151,  1,  1294,  1295 
 1152,  1,  1295,  1296 
 1153,  1,  1297,  1298 
 1154,  1,  1298,  1299 
 1155,  1,  1299,  1300 
 1156,  1,  1300,  1301 
 1157,  1,  1301,  1302 
 1158,  1,  1302,  1303 
 1159,  1,  1303,  1304 
 1160,  1,  1304,  1305 
 1161,  1,  1306,  1307 
 1162,  1,  1307,  1308 
 1163,  1,  1308,  1309 
 1164,  1,  1309,  1310 
 1165,  1,  1310,  1311 
 1166,  1,  1311,  1312 
 1167,  1,  1312,  1313 
 1168,  1,  1313,  1314 
 1169,  1,  1315,  1316 
 1170,  1,  1316,  1317 
 1171,  1,  1317,  1318 
 1172,  1,  1318,  1319 
 1173,  1,  1319,  1320 
 1174,  1,  1320,  1321 
 1175,  1,  1321,  1322 
 1176,  1,  1322,  1323 
 1177,  1,  1324,  1325 
 1178,  1,  1325,  1326 
 1179,  1,  1326,  1327 
 1180,  1,  1327,  1328 
 1181,  1,  1328,  1329 
 1182,  1,  1329,  1330 
 1183,  1,  1330,  1331 
 1184,  1,  1331,  1332 
 1185,  1,  1333,  1334 
 1186,  1,  1334,  1335 
 1187,  1,  1335,  1336 
 1188,  1,  1336,  1337 
 1189,  1,  1337,  1338 
 1190,  1,  1338,  1339 
 1191,  1,  1339,  1340 
 1192,  1,  1340,  1341 
 1193,  1,  1342,  1343 
 1194,  1,  1343,  1344 
 1195,  1,  1344,  1345 
 1196,  1,  1345,  1346 
 1197,  1,  1346,  1347 
 1198,  1,  1347,  1348 
 1199,  1,  1348,  1349 
 1200,  1,  1349,  1350 
 1201,  1,  1351,  1352 
 1202,  1,  1352,  1353 
 1203,  1,  1353,  1354 
 1204,  1,  1354,  1355 
 1205,  1,  1355,  1356 
 1206,  1,  1356,  1357 
 1207,  1,  1357,  1358 
 1208,  1,  1358,  1359 
 1209,  1,  1360,  1361 
 1210,  1,  1361,  1362 
 1211,  1,  1362,  1363 
 1212,  1,  1363,  1364 
 1213,  1,  1364,  1365 
 1214,  1,  1365,  1366 
 1215,  1,  1366,  1367 
 1216,  1,  1367,  1368 
 1217,  1,  1369,  1370 
 1218,  1,  1370,  1371 
 1219,  1,  1371,  1372 
 1220,  1,  1372,  1373 
 1221,  1,  1373,  1374 
 1222,  1,  1374,  1375 
 1223,  1,  1375,  1376 
 1224,  1,  1376,  1377 
 1225,  1,  1378,  1379 
 1226,  1,  1379,  1380 
 1227,  1,  1380,  1381 
 1228,  1,  1381,  1382 
 1229,  1,  1382,  1383 
 1230,  1,  1383,  1384 
 1231,  1,  1384,  1385 
 1232,  1,  1385,  1386 
 1233,  1,  1387,  1388 
 1234,  1,  1388,  1389 
 1235,  1,  1389,  1390 
 1236,  1,  1390,  1391 
 1237,  1,  1391,  1392 
 1238,  1,  1392,  1393 
 1239,  1,  1393,  1394 
 1240,  1,  1394,  1395 
 1241,  1,  1396,  1397 
 1242,  1,  1397,  1398 
 1243,  1,  1398,  1399 
 1244,  1,  1399,  1400 
 1245,  1,  1400,  1401 
 1246,  1,  1401,  1402 
 1247,  1,  1402,  1403 
 1248,  1,  1403,  1404 
 1249,  1,  1405,  1406 
 1250,  1,  1406,  1407 
 1251,  1,  1407,  1408 
 1252,  1,  1408,  1409 
 1253,  1,  1409,  1410 
 1254,  1,  1410,  1411 
 1255,  1,  1411,  1412 
 1256,  1,  1412,  1413 
 1257,  1,  1414,  1415 
 1258,  1,  1415,  1416 
 1259,  1,  1416,  1417 
 1260,  1,  1417,  1418 
 1261,  1,  1418,  1419 
 1262,  1,  1419,  1420 
 1263,  1,  1420,  1421 
 1264,  1,  1421,  1422 
 1265,  1,  1423,  1424 
 1266,  1,  1424,  1425 
 1267,  1,  1425,  1426 
 1268,  1,  1426,  1427 
 1269,  1,  1427,  1428 
 1270,  1,  1428,  1429 
 1271,  1,  1429,  1430 
 1272,  1,  1430,  1431 
 1273,  1,  1432,  1433 
 1274,  1,  1433,  1434 
 1275,  1,  1434,  1435 
 1276,  1,  1435,  1436 
 1277,  1,  1436,  1437 
 1278,  1,  1437,  1438 
 1279,  1,  1438,  1439 
 1280,  1,  1439,  1440 
 1281,  1,  1441,  1442 
 1282,  1,  1442,  1443 
 1283,  1,  1443,  1444 
 1284,  1,  1444,  1445 
 1285,  1,  1445,  1446 
 1286,  1,  1446,  1447 
 1287,  1,  1447,  1448 
 1288,  1,  1448,  1449 
 1289,  1,  1450,  1451 
 1290,  1,  1451,  1452 
 1291,  1,  1452,  1453 
 1292,  1,  1453,  1454 
 1293,  1,  1454,  1455 
 1294,  1,  1455,  1456 
 1295,  1,  1456,  1457 
 1296,  1,  1457,  1458 
 1297,  1,  1459,  1460 
 1298,  1,  1460,  1461 
 1299,  1,  1461,  1462 
 1300,  1,  1462,  1463 
 1301,  1,  1463,  1464 
 1302,  1,  1464,  1465 
 1303,  1,  1465,  1466 
 1304,  1,  1466,  1467 
 1305,  1,  1468,  1469 
 1306,  1,  1469,  1470 
 1307,  1,  1470,  1471 
 1308,  1,  1471,  1472 
 1309,  1,  1472,  1473 
 1310,  1,  1473,  1474 
 1311,  1,  1474,  1475 
 1312,  1,  1475,  1476 
 1313,  1,  1477,  1478 
 1314,  1,  1478,  1479 
 1315,  1,  1479,  1480 
 1316,  1,  1480,  1481 
 1317,  1,  1481,  1482 
 1318,  1,  1482,  1483 
 1319,  1,  1483,  1484 
 1320,  1,  1484,  1485 
 1321,  1,  1486,  1487 
 1322,  1,  1487,  1488 
 1323,  1,  1488,  1489 
 1324,  1,  1489,  1490 
 1325,  1,  1490,  1491 
 1326,  1,  1491,  1492 
 1327,  1,  1492,  1493 
 1328,  1,  1493,  1494 
 1329,  1,  1495,  1496 
 1330,  1,  1496,  1497 
 1331,  1,  1497,  1498 
 1332,  1,  1498,  1499 
 1333,  1,  1499,  1500 
 1334,  1,  1500,  1501 
 1335,  1,  1501,  1502 
 1336,  1,  1502,  1503 
 1337,  1,  1504,  1505 
 1338,  1,  1505,  1506 
 1339,  1,  1506,  1507 
 1340,  1,  1507,  1508 
 1341,  1,  1508,  1509 
 1342,  1,  1509,  1510 
 1343,  1,  1510,  1511 
 1344,  1,  1511,  1512 
 1345,  1,  1513,  1514 
 1346,  1,  1514,  1515 
 1347,  1,  1515,  1516 
 1348,  1,  1516,  1517 
 1349,  1,  1517,  1518 
 1350,  1,  1518,  1519 
 1351,  1,  1519,  1520 
 1352,  1,  1520,  1521 
 1353,  1,  1522,  1523 
 1354,  1,  1523,  1524 
 1355,  1,  1524,  1525 
 1356,  1,  1525,  1526 
 1357,  1,  1526,  1527 
 1358,  1,  1527,  1528 
 1359,  1,  1528,  1529 
 1360,  1,  1529,  1530 
 1361,  1,  1531,  1532 
 1362,  1,  1532,  1533 
 1363,  1,  1533,  1534 
 1364,  1,  1534,  1535 
 1365,  1,  1535,  1536 
 1366,  1,  1536,  1537 
 1367,  1,  1537,  1538 
 1368,  1,  1538,  1539 
 1369,  1,  1540,  1541 
 1370,  1,  1541,  1542 
 1371,  1,  1542,  1543 
 1372,  1,  1543,  1544 
 1373,  1,  1544,  1545 
 1374,  1,  1545,  1546 
 1375,  1,  1546,  1547 
 1376,  1,  1547,  1548 
 1377,  1,  1549,  1550 
 1378,  1,  1550,  1551 
 1379,  1,  1551,  1552 
 1380,  1,  1552,  1553 
 1381,  1,  1553,  1554 
 1382,  1,  1554,  1555 
 1383,  1,  1555,  1556 
 1384,  1,  1556,  1557 
 1385,  1,  1558,  1559 
 1386,  1,  1559,  1560 
 1387,  1,  1560,  1561 
 1388,  1,  1561,  1562 
 1389,  1,  1562,  1563 
 1390,  1,  1563,  1564 
 1391,  1,  1564,  1565 
 1392,  1,  1565,  1566 
 1393,  1,  1567,  1568 
 1394,  1,  1568,  1569 
 1395,  1,  1569,  1570 
 1396,  1,  1570,  1571 
 1397,  1,  1571,  1572 
 1398,  1,  1572,  1573 
 1399,  1,  1573,  1574 
 1400,  1,  1574,  1575 
 1401,  1,  1576,  1577 
 1402,  1,  1577,  1578 
 1403,  1,  1578,  1579 
 1404,  1,  1579,  1580 
 1405,  1,  1580,  1581 
 1406,  1,  1581,  1582 
 1407,  1,  1582,  1583 
 1408,  1,  1583,  1584 
 1409,  1,  1585,  1586 
 1410,  1,  1586,  1587 
 1411,  1,  1587,  1588 
 1412,  1,  1588,  1589 
 1413,  1,  1589,  1590 
 1414,  1,  1590,  1591 
 1415,  1,  1591,  1592 
 1416,  1,  1592,  1593 
 1417,  1,  1594,  1595 
 1418,  1,  1595,  1596 
 1419,  1,  1596,  1597 
 1420,  1,  1597,  1598 
 1421,  1,  1598,  1599 
 1422,  1,  1599,  1600 
 1423,  1,  1600,  1601 
 1424,  1,  1601,  1602 
 1425,  1,  1603,  1604 
 1426,  1,  1604,  1605 
 1427,  1,  1605,  1606 
 1428,  1,  1606,  1607 
 1429,  1,  1607,  1608 
 1430,  1,  1608,  1609 
 1431,  1,  1609,  1610 
 1432,  1,  1610,  1611 
 1433,  1,  1612,  1613 
 1434,  1,  1613,  1614 
 1435,  1,  1614,  1615 
 1436,  1,  1615,  1616 
 1437,  1,  1616,  1617 
 1438,  1,  1617,  1618 
 1439,  1,  1618,  1619 
 1440,  1,  1619,  1620 
 1441,  1,  1621,  1622 
 1442,  1,  1622,  1623 
 1443,  1,  1623,  1624 
 1444,  1,  1624,  1625 
 1445,  1,  1625,  1626 
 1446,  1,  1626,  1627 
 1447,  1,  1627,  1628 
 1448,  1,  1628,  1629 
 1449,  1,  1630,  1631 
 1450,  1,  1631,  1632 
 1451,  1,  1632,  1633 
 1452,  1,  1633,  1634 
 1453,  1,  1634,  1635 
 1454,  1,  1635,  1636 
 1455,  1,  1636,  1637 
 1456,  1,  1637,  1638 
 1457,  1,  1639,  1640 
 1458,  1,  1640,  1641 
 1459,  1,  1641,  1642 
 1460,  1,  1642,  1643 
 1461,  1,  1643,  1644 
 1462,  1,  1644,  1645 
 1463,  1,  1645,  1646 
 1464,  1,  1646,  1647 
 1465,  1,  1648,  1649 
 1466,  1,  1649,  1650 
 1467,  1,  1650,  1651 
 1468,  1,  1651,  1652 
 1469,  1,  1652,  1653 
 1470,  1,  1653,  1654 
 1471,  1,  1654,  1655 
 1472,  1,  1655,  1656 
 1473,  1,  1657,  1658 
 1474,  1,  1658,  1659 
 1475,  1,  1659,  1660 
 1476,  1,  1660,  1661 
 1477,  1,  1661,  1662 
 1478,  1,  1662,  1663 
 1479,  1,  1663,  1664 
 1480,  1,  1664,  1665 
 1481,  1,  1666,  1667 
 1482,  1,  1667,  1668 
 1483,  1,  1668,  1669 
 1484,  1,  1669,  1670 
 1485,  1,  1670,  1671 
 1486,  1,  1671,  1672 
 1487,  1,  1672,  1673 
 1488,  1,  1673,  1674 
 1489,  1,  1675,  1676 
 1490,  1,  1676,  1677 
 1491,  1,  1677,  1678 
 1492,  1,  1678,  1679 
 1493,  1,  1679,  1680 
 1494,  1,  1680,  1681 
 1495,  1,  1681,  1682 
 1496,  1,  1682,  1683 
 1497,  1,  1684,  1685 
 1498,  1,  1685,  1686 
 1499,  1,  1686,  1687 
 1500,  1,  1687,  1688 
 1501,  1,  1688,  1689 
 1502,  1,  1689,  1690 
 1503,  1,  1690,  1691 
 1504,  1,  1691,  1692 
 1505,  1,  1693,  1694 
 1506,  1,  1694,  1695 
 1507,  1,  1695,  1696 
 1508,  1,  1696,  1697 
 1509,  1,  1697,  1698 
 1510,  1,  1698,  1699 
 1511,  1,  1699,  1700 
 1512,  1,  1700,  1701 
 1513,  1,  1702,  1703 
 1514,  1,  1703,  1704 
 1515,  1,  1704,  1705 
 1516,  1,  1705,  1706 
 1517,  1,  1706,  1707 
 1518,  1,  1707,  1708 
 1519,  1,  1708,  1709 
 1520,  1,  1709,  1710 
 1521,  1,  1711,  1712 
 1522,  1,  1712,  1713 
 1523,  1,  1713,  1714 
 1524,  1,  1714,  1715 
 1525,  1,  1715,  1716 
 1526,  1,  1716,  1717 
 1527,  1,  1717,  1718 
 1528,  1,  1718,  1719 
 1529,  1,  1720,  1721 
 1530,  1,  1721,  1722 
 1531,  1,  1722,  1723 
 1532,  1,  1723,  1724 
 1533,  1,  1724,  1725 
 1534,  1,  1725,  1726 
 1535,  1,  1726,  1727 
 1536,  1,  1727,  1728 
 1537,  1,  1729,  1730 
 1538,  1,  1730,  1731 
 1539,  1,  1731,  1732 
 1540,  1,  1732,  1733 
 1541,  1,  1733,  1734 
 1542,  1,  1734,  1735 
 1543,  1,  1735,  1736 
 1544,  1,  1736,  1737 
 1545,  1,  1738,  1739 
 1546,  1,  1739,  1740 
 1547,  1,  1740,  1741 
 1548,  1,  1741,  1742 
 1549,  1,  1742,  1743 
 1550,  1,  1743,  1744 
 1551,  1,  1744,  1745 
 1552,  1,  1745,  1746 
 1553,  1,  1747,  1748 
 1554,  1,  1748,  1749 
 1555,  1,  1749,  1750 
 1556,  1,  1750,  1751 
 1557,  1,  1751,  1752 
 1558,  1,  1752,  1753 
 1559,  1,  1753,  1754 
 1560,  1,  1754,  1755 
 1561,  1,  1756,  1757 
 1562,  1,  1757,  1758 
 1563,  1,  1758,  1759 
 1564,  1,  1759,  1760 
 1565,  1,  1760,  1761 
 1566,  1,  1761,  1762 
 1567,  1,  1762,  1763 
 1568,  1,  1763,  1764 
 1569,  1,  1765,  1766 
 1570,  1,  1766,  1767 
 1571,  1,  1767,  1768 
 1572,  1,  1768,  1769 
 1573,  1,  1769,  1770 
 1574,  1,  1770,  1771 
 1575,  1,  1771,  1772 
 1576,  1,  1772,  1773 
 1577,  1,  1774,  1775 
 1578,  1,  1775,  1776 
 1579,  1,  1776,  1777 
 1580,  1,  1777,  1778 
 1581,  1,  1778,  1779 
 1582,  1,  1779,  1780 
 1583,  1,  1780,  1781 
 1584,  1,  1781,  1782 
 1585,  1,  1783,  1784 
 1586,  1,  1784,  1785 
 1587,  1,  1785,  1786 
 1588,  1,  1786,  1787 
 1589,  1,  1787,  1788 
 1590,  1,  1788,  1789 
 1591,  1,  1789,  1790 
 1592,  1,  1790,  1791 
 1593,  1,  1792,  1793 
 1594,  1,  1793,  1794 
 1595,  1,  1794,  1795 
 1596,  1,  1795,  1796 
 1597,  1,  1796,  1797 
 1598,  1,  1797,  1798 
 1599,  1,  1798,  1799 
 1600,  1,  1799,  1800 
 1601,  1,  1801,  1802 
 1602,  1,  1802,  1803 
 1603,  1,  1803,  1804 
 1604,  1,  1804,  1805 
 1605,  1,  1805,  1806 
 1606,  1,  1806,  1807 
 1607,  1,  1807,  1808 
 1608,  1,  1808,  1809 
 1609,  1,  1810,  1811 
 1610,  1,  1811,  1812 
 1611,  1,  1812,  1813 
 1612,  1,  1813,  1814 
 1613,  1,  1814,  1815 
 1614,  1,  1815,  1816 
 1615,  1,  1816,  1817 
 1616,  1,  1817,  1818 
 1617,  1,  1819,  1820 
 1618,  1,  1820,  1821 
 1619,  1,  1821,  1822 
 1620,  1,  1822,  1823 
 1621,  1,  1823,  1824 
 1622,  1,  1824,  1825 
 1623,  1,  1825,  1826 
 1624,  1,  1826,  1827 
 1625,  1,  1828,  1829 
 1626,  1,  1829,  1830 
 1627,  1,  1830,  1831 
 1628,  1,  1831,  1832 
 1629,  1,  1832,  1833 
 1630,  1,  1833,  1834 
 1631,  1,  1834,  1835 
 1632,  1,  1835,  1836 
 1633,  1,  1837,  1838 
 1634,  1,  1838,  1839 
 1635,  1,  1839,  1840 
 1636,  1,  1840,  1841 
 1637,  1,  1841,  1842 
 1638,  1,  1842,  1843 
 1639,  1,  1843,  1844 
 1640,  1,  1844,  1845 
 1641,  1,  1846,  1847 
 1642,  1,  1847,  1848 
 1643,  1,  1848,  1849 
 1644,  1,  1849,  1850 
 1645,  1,  1850,  1851 
 1646,  1,  1851,  1852 
 1647,  1,  1852,  1853 
 1648,  1,  1853,  1854 
 1649,  1,  1855,  1856 
 1650,  1,  1856,  1857 
 1651,  1,  1857,  1858 
 1652,  1,  1858,  1859 
 1653,  1,  1859,  1860 
 1654,  1,  1860,  1861 
 1655,  1,  1861,  1862 
 1656,  1,  1862,  1863 
 1657,  1,  1864,  1865 
 1658,  1,  1865,  1866 
 1659,  1,  1866,  1867 
 1660,  1,  1867,  1868 
 1661,  1,  1868,  1869 
 1662,  1,  1869,  1870 
 1663,  1,  1870,  1871 
 1664,  1,  1871,  1872 
 1665,  1,  1873,  1874 
 1666,  1,  1874,  1875 
 1667,  1,  1875,  1876 
 1668,  1,  1876,  1877 
 1669,  1,  1877,  1878 
 1670,  1,  1878,  1879 
 1671,  1,  1879,  1880 
 1672,  1,  1880,  1881 
 1673,  1,  1882,  1883 
 1674,  1,  1883,  1884 
 1675,  1,  1884,  1885 
 1676,  1,  1885,  1886 
 1677,  1,  1886,  1887 
 1678,  1,  1887,  1888 
 1679,  1,  1888,  1889 
 1680,  1,  1889,  1890 
 1681,  1,  1891,  1892 
 1682,  1,  1892,  1893 
 1683,  1,  1893,  1894 
 1684,  1,  1894,  1895 
 1685,  1,  1895,  1896 
 1686,  1,  1896,  1897 
 1687,  1,  1897,  1898 
 1688,  1,  1898,  1899 
 1689,  1,  1900,  1901 
 1690,  1,  1901,  1902 
 1691,  1,  1902,  1903 
 1692,  1,  1903,  1904 
 1693,  1,  1904,  1905 
 1694,  1,  1905,  1906 
 1695,  1,  1906,  1907 
 1696,  1,  1907,  1908 
 1697,  1,  1909,  1910 
 1698,  1,  1910,  1911 
 1699,  1,  1911,  1912 
 1700,  1,  1912,  1913 
 1701,  1,  1913,  1914 
 1702,  1,  1914,  1915 
 1703,  1,  1915,  1916 
 1704,  1,  1916,  1917 
 1705,  1,  1918,  1919 
 1706,  1,  1919,  1920 
 1707,  1,  1920,  1921 
 1708,  1,  1921,  1922 
 1709,  1,  1922,  1923 
 1710,  1,  1923,  1924 
 1711,  1,  1924,  1925 
 1712,  1,  1925,  1926 
 1713,  1,  1927,  1928 
 1714,  1,  1928,  1929 
 1715,  1,  1929,  1930 
 1716,  1,  1930,  1931 
 1717,  1,  1931,  1932 
 1718,  1,  1932,  1933 
 1719,  1,  1933,  1934 
 1720,  1,  1934,  1935 
 1721,  1,  1936,  1937 
 1722,  1,  1937,  1938 
 1723,  1,  1938,  1939 
 1724,  1,  1939,  1940 
 1725,  1,  1940,  1941 
 1726,  1,  1941,  1942 
 1727,  1,  1942,  1943 
 1728,  1,  1943,  1944 
 1729,  1,  1945,  1946 
 1730,  1,  1946,  1947 
 1731,  1,  1947,  1948 
 1732,  1,  1948,  1949 
 1733,  1,  1949,  1950 
 1734,  1,  1950,  1951 
 1735,  1,  1951,  1952 
 1736,  1,  1952,  1953 
 1737,  1,  1954,  1955 
 1738,  1,  1955,  1956 
 1739,  1,  1956,  1957 
 1740,  1,  1957,  1958 
 1741,  1,  1958,  1959 
 1742,  1,  1959,  1960 
 1743,  1,  1960,  1961 
 1744,  1,  1961,  1962 
 1745,  1,  1963,  1964 
 1746,  1,  1964,  1965 
 1747,  1,  1965,  1966 
 1748,  1,  1966,  1967 
 1749,  1,  1967,  1968 
 1750,  1,  1968,  1969 
 1751,  1,  1969,  1970 
 1752,  1,  1970,  1971 
 1753,  1,  1972,  1973 
 1754,  1,  1973,  1974 
 1755,  1,  1974,  1975 
 1756,  1,  1975,  1976 
 1757,  1,  1976,  1977 
 1758,  1,  1977,  1978 
 1759,  1,  1978,  1979 
 1760,  1,  1979,  1980 
 1761,  1,  1981,  1982 
 1762,  1,  1982,  1983 
 1763,  1,  1983,  1984 
 1764,  1,  1984,  1985 
 1765,  1,  1985,  1986 
 1766,  1,  1986,  1987 
 1767,  1,  1987,  1988 
 1768,  1,  1988,  1989 
 1769,  1,  1990,  1991 
 1770,  1,  1991,  1992 
 1771,  1,  1992,  1993 
 1772,  1,  1993,  1994 
 1773,  1,  1994,  1995 
 1774,  1,  1995,  1996 
 1775,  1,  1996,  1997 
 1776,  1,  1997,  1998 
 1777,  1,  1999,  2000 
 1778,  1,  2000,  2001 
 1779,  1,  2001,  2002 
 1780,  1,  2002,  2003 
 1781,  1,  2003,  2004 
 1782,  1,  2004,  2005 
 1783,  1,  2005,  2006 
 1784,  1,  2006,  2007 
 1785,  1,  2008,  2009 
 1786,  1,  2009,  2010 
 1787,  1,  2010,  2011 
 1788,  1,  2011,  2012 
 1789,  1,  2012,  2013 
 1790,  1,  2013,  2014 
 1791,  1,  2014,  2015 
 1792,  1,  2015,  2016 
 1793,  1,  2017,  2018 
 1794,  1,  2018,  2019 
 1795,  1,  2019,  2020 
 1796,  1,  2020,  2021 
 1797,  1,  2021,  2022 
 1798,  1,  2022,  2023 
 1799,  1,  2023,  2024 
 1800,  1,  2024,  2025 
 1801,  1,  2026,  2027 
 1802,  1,  2027,  2028 
 1803,  1,  2028,  2029 
 1804,  1,  2029,  2030 
 1805,  1,  2030,  2031 
 1806,  1,  2031,  2032 
 1807,  1,  2032,  2033 
 1808,  1,  2033,  2034 
 1809,  1,  2035,  2036 
 1810,  1,  2036,  2037 
 1811,  1,  2037,  2038 
 1812,  1,  2038,  2039 
 1813,  1,  2039,  2040 
 1814,  1,  2040,  2041 
 1815,  1,  2041,  2042 
 1816,  1,  2042,  2043 
 1817,  1,  2044,  2045 
 1818,  1,  2045,  2046 
 1819,  1,  2046,  2047 
 1820,  1,  2047,  2048 
 1821,  1,  2048,  2049 
 1822,  1,  2049,  2050 
 1823,  1,  2050,  2051 
 1824,  1,  2051,  2052 
 1825,  1,  2053,  2054 
 1826,  1,  2054,  2055 
 1827,  1,  2055,  2056 
 1828,  1,  2056,  2057 
 1829,  1,  2057,  2058 
 1830,  1,  2058,  2059 
 1831,  1,  2059,  2060 
 1832,  1,  2060,  2061 
 1833,  1,  2062,  2063 
 1834,  1,  2063,  2064 
 1835,  1,  2064,  2065 
 1836,  1,  2065,  2066 
 1837,  1,  2066,  2067 
 1838,  1,  2067,  2068 
 1839,  1,  2068,  2069 
 1840,  1,  2069,  2070 
 1841,  1,  2071,  2072 
 1842,  1,  2072,  2073 
 1843,  1,  2073,  2074 
 1844,  1,  2074,  2075 
 1845,  1,  2075,  2076 
 1846,  1,  2076,  2077 
 1847,  1,  2077,  2078 
 1848,  1,  2078,  2079 
 1849,  1,  2080,  2081 
 1850,  1,  2081,  2082 
 1851,  1,  2082,  2083 
 1852,  1,  2083,  2084 
 1853,  1,  2084,  2085 
 1854,  1,  2085,  2086 
 1855,  1,  2086,  2087 
 1856,  1,  2087,  2088 
