 1,  1,  1,  2,  3 
 2,  1,  2,  3,  4 
 3,  1,  3,  4,  5 
 4,  1,  4,  5,  6 
 5,  1,  5,  6,  7 
 6,  1,  6,  7,  8 
 7,  1,  7,  8,  9 
 8,  1,  10,  11,  12 
 9,  1,  11,  12,  13 
 10,  1,  12,  13,  14 
 11,  1,  13,  14,  15 
 12,  1,  14,  15,  16 
 13,  1,  15,  16,  17 
 14,  1,  16,  17,  18 
 15,  1,  19,  20,  21 
 16,  1,  20,  21,  22 
 17,  1,  21,  22,  23 
 18,  1,  22,  23,  24 
 19,  1,  23,  24,  25 
 20,  1,  24,  25,  26 
 21,  1,  25,  26,  27 
 22,  1,  28,  29,  30 
 23,  1,  29,  30,  31 
 24,  1,  30,  31,  32 
 25,  1,  31,  32,  33 
 26,  1,  32,  33,  34 
 27,  1,  33,  34,  35 
 28,  1,  34,  35,  36 
 29,  1,  37,  38,  39 
 30,  1,  38,  39,  40 
 31,  1,  39,  40,  41 
 32,  1,  40,  41,  42 
 33,  1,  41,  42,  43 
 34,  1,  42,  43,  44 
 35,  1,  43,  44,  45 
 36,  1,  46,  47,  48 
 37,  1,  47,  48,  49 
 38,  1,  48,  49,  50 
 39,  1,  49,  50,  51 
 40,  1,  50,  51,  52 
 41,  1,  51,  52,  53 
 42,  1,  52,  53,  54 
 43,  1,  55,  56,  57 
 44,  1,  56,  57,  58 
 45,  1,  57,  58,  59 
 46,  1,  58,  59,  60 
 47,  1,  59,  60,  61 
 48,  1,  60,  61,  62 
 49,  1,  61,  62,  63 
 50,  1,  64,  65,  66 
 51,  1,  65,  66,  67 
 52,  1,  66,  67,  68 
 53,  1,  67,  68,  69 
 54,  1,  68,  69,  70 
 55,  1,  69,  70,  71 
 56,  1,  70,  71,  72 
 57,  1,  73,  74,  75 
 58,  1,  74,  75,  76 
 59,  1,  75,  76,  77 
 60,  1,  76,  77,  78 
 61,  1,  77,  78,  79 
 62,  1,  78,  79,  80 
 63,  1,  79,  80,  81 
 64,  1,  82,  83,  84 
 65,  1,  83,  84,  85 
 66,  1,  84,  85,  86 
 67,  1,  85,  86,  87 
 68,  1,  86,  87,  88 
 69,  1,  87,  88,  89 
 70,  1,  88,  89,  90 
 71,  1,  91,  92,  93 
 72,  1,  92,  93,  94 
 73,  1,  93,  94,  95 
 74,  1,  94,  95,  96 
 75,  1,  95,  96,  97 
 76,  1,  96,  97,  98 
 77,  1,  97,  98,  99 
 78,  1,  100,  101,  102 
 79,  1,  101,  102,  103 
 80,  1,  102,  103,  104 
 81,  1,  103,  104,  105 
 82,  1,  104,  105,  106 
 83,  1,  105,  106,  107 
 84,  1,  106,  107,  108 
 85,  1,  109,  110,  111 
 86,  1,  110,  111,  112 
 87,  1,  111,  112,  113 
 88,  1,  112,  113,  114 
 89,  1,  113,  114,  115 
 90,  1,  114,  115,  116 
 91,  1,  115,  116,  117 
 92,  1,  118,  119,  120 
 93,  1,  119,  120,  121 
 94,  1,  120,  121,  122 
 95,  1,  121,  122,  123 
 96,  1,  122,  123,  124 
 97,  1,  123,  124,  125 
 98,  1,  124,  125,  126 
 99,  1,  127,  128,  129 
 100,  1,  128,  129,  130 
 101,  1,  129,  130,  131 
 102,  1,  130,  131,  132 
 103,  1,  131,  132,  133 
 104,  1,  132,  133,  134 
 105,  1,  133,  134,  135 
 106,  1,  136,  137,  138 
 107,  1,  137,  138,  139 
 108,  1,  138,  139,  140 
 109,  1,  139,  140,  141 
 110,  1,  140,  141,  142 
 111,  1,  141,  142,  143 
 112,  1,  142,  143,  144 
 113,  1,  145,  146,  147 
 114,  1,  146,  147,  148 
 115,  1,  147,  148,  149 
 116,  1,  148,  149,  150 
 117,  1,  149,  150,  151 
 118,  1,  150,  151,  152 
 119,  1,  151,  152,  153 
 120,  1,  154,  155,  156 
 121,  1,  155,  156,  157 
 122,  1,  156,  157,  158 
 123,  1,  157,  158,  159 
 124,  1,  158,  159,  160 
 125,  1,  159,  160,  161 
 126,  1,  160,  161,  162 
 127,  1,  163,  164,  165 
 128,  1,  164,  165,  166 
 129,  1,  165,  166,  167 
 130,  1,  166,  167,  168 
 131,  1,  167,  168,  169 
 132,  1,  168,  169,  170 
 133,  1,  169,  170,  171 
 134,  1,  172,  173,  174 
 135,  1,  173,  174,  175 
 136,  1,  174,  175,  176 
 137,  1,  175,  176,  177 
 138,  1,  176,  177,  178 
 139,  1,  177,  178,  179 
 140,  1,  178,  179,  180 
 141,  1,  181,  182,  183 
 142,  1,  182,  183,  184 
 143,  1,  183,  184,  185 
 144,  1,  184,  185,  186 
 145,  1,  185,  186,  187 
 146,  1,  186,  187,  188 
 147,  1,  187,  188,  189 
 148,  1,  190,  191,  192 
 149,  1,  191,  192,  193 
 150,  1,  192,  193,  194 
 151,  1,  193,  194,  195 
 152,  1,  194,  195,  196 
 153,  1,  195,  196,  197 
 154,  1,  196,  197,  198 
 155,  1,  199,  200,  201 
 156,  1,  200,  201,  202 
 157,  1,  201,  202,  203 
 158,  1,  202,  203,  204 
 159,  1,  203,  204,  205 
 160,  1,  204,  205,  206 
 161,  1,  205,  206,  207 
 162,  1,  208,  209,  210 
 163,  1,  209,  210,  211 
 164,  1,  210,  211,  212 
 165,  1,  211,  212,  213 
 166,  1,  212,  213,  214 
 167,  1,  213,  214,  215 
 168,  1,  214,  215,  216 
 169,  1,  217,  218,  219 
 170,  1,  218,  219,  220 
 171,  1,  219,  220,  221 
 172,  1,  220,  221,  222 
 173,  1,  221,  222,  223 
 174,  1,  222,  223,  224 
 175,  1,  223,  224,  225 
 176,  1,  226,  227,  228 
 177,  1,  227,  228,  229 
 178,  1,  228,  229,  230 
 179,  1,  229,  230,  231 
 180,  1,  230,  231,  232 
 181,  1,  231,  232,  233 
 182,  1,  232,  233,  234 
 183,  1,  235,  236,  237 
 184,  1,  236,  237,  238 
 185,  1,  237,  238,  239 
 186,  1,  238,  239,  240 
 187,  1,  239,  240,  241 
 188,  1,  240,  241,  242 
 189,  1,  241,  242,  243 
 190,  1,  244,  245,  246 
 191,  1,  245,  246,  247 
 192,  1,  246,  247,  248 
 193,  1,  247,  248,  249 
 194,  1,  248,  249,  250 
 195,  1,  249,  250,  251 
 196,  1,  250,  251,  252 
 197,  1,  253,  254,  255 
 198,  1,  254,  255,  256 
 199,  1,  255,  256,  257 
 200,  1,  256,  257,  258 
 201,  1,  257,  258,  259 
 202,  1,  258,  259,  260 
 203,  1,  259,  260,  261 
 204,  1,  262,  263,  264 
 205,  1,  263,  264,  265 
 206,  1,  264,  265,  266 
 207,  1,  265,  266,  267 
 208,  1,  266,  267,  268 
 209,  1,  267,  268,  269 
 210,  1,  268,  269,  270 
 211,  1,  271,  272,  273 
 212,  1,  272,  273,  274 
 213,  1,  273,  274,  275 
 214,  1,  274,  275,  276 
 215,  1,  275,  276,  277 
 216,  1,  276,  277,  278 
 217,  1,  277,  278,  279 
 218,  1,  280,  281,  282 
 219,  1,  281,  282,  283 
 220,  1,  282,  283,  284 
 221,  1,  283,  284,  285 
 222,  1,  284,  285,  286 
 223,  1,  285,  286,  287 
 224,  1,  286,  287,  288 
 225,  1,  289,  290,  291 
 226,  1,  290,  291,  292 
 227,  1,  291,  292,  293 
 228,  1,  292,  293,  294 
 229,  1,  293,  294,  295 
 230,  1,  294,  295,  296 
 231,  1,  295,  296,  297 
 232,  1,  298,  299,  300 
 233,  1,  299,  300,  301 
 234,  1,  300,  301,  302 
 235,  1,  301,  302,  303 
 236,  1,  302,  303,  304 
 237,  1,  303,  304,  305 
 238,  1,  304,  305,  306 
 239,  1,  307,  308,  309 
 240,  1,  308,  309,  310 
 241,  1,  309,  310,  311 
 242,  1,  310,  311,  312 
 243,  1,  311,  312,  313 
 244,  1,  312,  313,  314 
 245,  1,  313,  314,  315 
 246,  1,  316,  317,  318 
 247,  1,  317,  318,  319 
 248,  1,  318,  319,  320 
 249,  1,  319,  320,  321 
 250,  1,  320,  321,  322 
 251,  1,  321,  322,  323 
 252,  1,  322,  323,  324 
 253,  1,  325,  326,  327 
 254,  1,  326,  327,  328 
 255,  1,  327,  328,  329 
 256,  1,  328,  329,  330 
 257,  1,  329,  330,  331 
 258,  1,  330,  331,  332 
 259,  1,  331,  332,  333 
 260,  1,  334,  335,  336 
 261,  1,  335,  336,  337 
 262,  1,  336,  337,  338 
 263,  1,  337,  338,  339 
 264,  1,  338,  339,  340 
 265,  1,  339,  340,  341 
 266,  1,  340,  341,  342 
 267,  1,  343,  344,  345 
 268,  1,  344,  345,  346 
 269,  1,  345,  346,  347 
 270,  1,  346,  347,  348 
 271,  1,  347,  348,  349 
 272,  1,  348,  349,  350 
 273,  1,  349,  350,  351 
 274,  1,  352,  353,  354 
 275,  1,  353,  354,  355 
 276,  1,  354,  355,  356 
 277,  1,  355,  356,  357 
 278,  1,  356,  357,  358 
 279,  1,  357,  358,  359 
 280,  1,  358,  359,  360 
 281,  1,  361,  362,  363 
 282,  1,  362,  363,  364 
 283,  1,  363,  364,  365 
 284,  1,  364,  365,  366 
 285,  1,  365,  366,  367 
 286,  1,  366,  367,  368 
 287,  1,  367,  368,  369 
 288,  1,  370,  371,  372 
 289,  1,  371,  372,  373 
 290,  1,  372,  373,  374 
 291,  1,  373,  374,  375 
 292,  1,  374,  375,  376 
 293,  1,  375,  376,  377 
 294,  1,  376,  377,  378 
 295,  1,  379,  380,  381 
 296,  1,  380,  381,  382 
 297,  1,  381,  382,  383 
 298,  1,  382,  383,  384 
 299,  1,  383,  384,  385 
 300,  1,  384,  385,  386 
 301,  1,  385,  386,  387 
 302,  1,  388,  389,  390 
 303,  1,  389,  390,  391 
 304,  1,  390,  391,  392 
 305,  1,  391,  392,  393 
 306,  1,  392,  393,  394 
 307,  1,  393,  394,  395 
 308,  1,  394,  395,  396 
 309,  1,  397,  398,  399 
 310,  1,  398,  399,  400 
 311,  1,  399,  400,  401 
 312,  1,  400,  401,  402 
 313,  1,  401,  402,  403 
 314,  1,  402,  403,  404 
 315,  1,  403,  404,  405 
 316,  1,  406,  407,  408 
 317,  1,  407,  408,  409 
 318,  1,  408,  409,  410 
 319,  1,  409,  410,  411 
 320,  1,  410,  411,  412 
 321,  1,  411,  412,  413 
 322,  1,  412,  413,  414 
 323,  1,  415,  416,  417 
 324,  1,  416,  417,  418 
 325,  1,  417,  418,  419 
 326,  1,  418,  419,  420 
 327,  1,  419,  420,  421 
 328,  1,  420,  421,  422 
 329,  1,  421,  422,  423 
 330,  1,  424,  425,  426 
 331,  1,  425,  426,  427 
 332,  1,  426,  427,  428 
 333,  1,  427,  428,  429 
 334,  1,  428,  429,  430 
 335,  1,  429,  430,  431 
 336,  1,  430,  431,  432 
 337,  1,  433,  434,  435 
 338,  1,  434,  435,  436 
 339,  1,  435,  436,  437 
 340,  1,  436,  437,  438 
 341,  1,  437,  438,  439 
 342,  1,  438,  439,  440 
 343,  1,  439,  440,  441 
 344,  1,  442,  443,  444 
 345,  1,  443,  444,  445 
 346,  1,  444,  445,  446 
 347,  1,  445,  446,  447 
 348,  1,  446,  447,  448 
 349,  1,  447,  448,  449 
 350,  1,  448,  449,  450 
 351,  1,  451,  452,  453 
 352,  1,  452,  453,  454 
 353,  1,  453,  454,  455 
 354,  1,  454,  455,  456 
 355,  1,  455,  456,  457 
 356,  1,  456,  457,  458 
 357,  1,  457,  458,  459 
 358,  1,  460,  461,  462 
 359,  1,  461,  462,  463 
 360,  1,  462,  463,  464 
 361,  1,  463,  464,  465 
 362,  1,  464,  465,  466 
 363,  1,  465,  466,  467 
 364,  1,  466,  467,  468 
 365,  1,  469,  470,  471 
 366,  1,  470,  471,  472 
 367,  1,  471,  472,  473 
 368,  1,  472,  473,  474 
 369,  1,  473,  474,  475 
 370,  1,  474,  475,  476 
 371,  1,  475,  476,  477 
 372,  1,  478,  479,  480 
 373,  1,  479,  480,  481 
 374,  1,  480,  481,  482 
 375,  1,  481,  482,  483 
 376,  1,  482,  483,  484 
 377,  1,  483,  484,  485 
 378,  1,  484,  485,  486 
 379,  1,  487,  488,  489 
 380,  1,  488,  489,  490 
 381,  1,  489,  490,  491 
 382,  1,  490,  491,  492 
 383,  1,  491,  492,  493 
 384,  1,  492,  493,  494 
 385,  1,  493,  494,  495 
 386,  1,  496,  497,  498 
 387,  1,  497,  498,  499 
 388,  1,  498,  499,  500 
 389,  1,  499,  500,  501 
 390,  1,  500,  501,  502 
 391,  1,  501,  502,  503 
 392,  1,  502,  503,  504 
 393,  1,  505,  506,  507 
 394,  1,  506,  507,  508 
 395,  1,  507,  508,  509 
 396,  1,  508,  509,  510 
 397,  1,  509,  510,  511 
 398,  1,  510,  511,  512 
 399,  1,  511,  512,  513 
 400,  1,  514,  515,  516 
 401,  1,  515,  516,  517 
 402,  1,  516,  517,  518 
 403,  1,  517,  518,  519 
 404,  1,  518,  519,  520 
 405,  1,  519,  520,  521 
 406,  1,  520,  521,  522 
 407,  1,  523,  524,  525 
 408,  1,  524,  525,  526 
 409,  1,  525,  526,  527 
 410,  1,  526,  527,  528 
 411,  1,  527,  528,  529 
 412,  1,  528,  529,  530 
 413,  1,  529,  530,  531 
 414,  1,  532,  533,  534 
 415,  1,  533,  534,  535 
 416,  1,  534,  535,  536 
 417,  1,  535,  536,  537 
 418,  1,  536,  537,  538 
 419,  1,  537,  538,  539 
 420,  1,  538,  539,  540 
 421,  1,  541,  542,  543 
 422,  1,  542,  543,  544 
 423,  1,  543,  544,  545 
 424,  1,  544,  545,  546 
 425,  1,  545,  546,  547 
 426,  1,  546,  547,  548 
 427,  1,  547,  548,  549 
 428,  1,  550,  551,  552 
 429,  1,  551,  552,  553 
 430,  1,  552,  553,  554 
 431,  1,  553,  554,  555 
 432,  1,  554,  555,  556 
 433,  1,  555,  556,  557 
 434,  1,  556,  557,  558 
 435,  1,  559,  560,  561 
 436,  1,  560,  561,  562 
 437,  1,  561,  562,  563 
 438,  1,  562,  563,  564 
 439,  1,  563,  564,  565 
 440,  1,  564,  565,  566 
 441,  1,  565,  566,  567 
 442,  1,  568,  569,  570 
 443,  1,  569,  570,  571 
 444,  1,  570,  571,  572 
 445,  1,  571,  572,  573 
 446,  1,  572,  573,  574 
 447,  1,  573,  574,  575 
 448,  1,  574,  575,  576 
 449,  1,  577,  578,  579 
 450,  1,  578,  579,  580 
 451,  1,  579,  580,  581 
 452,  1,  580,  581,  582 
 453,  1,  581,  582,  583 
 454,  1,  582,  583,  584 
 455,  1,  583,  584,  585 
 456,  1,  586,  587,  588 
 457,  1,  587,  588,  589 
 458,  1,  588,  589,  590 
 459,  1,  589,  590,  591 
 460,  1,  590,  591,  592 
 461,  1,  591,  592,  593 
 462,  1,  592,  593,  594 
 463,  1,  595,  596,  597 
 464,  1,  596,  597,  598 
 465,  1,  597,  598,  599 
 466,  1,  598,  599,  600 
 467,  1,  599,  600,  601 
 468,  1,  600,  601,  602 
 469,  1,  601,  602,  603 
 470,  1,  604,  605,  606 
 471,  1,  605,  606,  607 
 472,  1,  606,  607,  608 
 473,  1,  607,  608,  609 
 474,  1,  608,  609,  610 
 475,  1,  609,  610,  611 
 476,  1,  610,  611,  612 
 477,  1,  613,  614,  615 
 478,  1,  614,  615,  616 
 479,  1,  615,  616,  617 
 480,  1,  616,  617,  618 
 481,  1,  617,  618,  619 
 482,  1,  618,  619,  620 
 483,  1,  619,  620,  621 
 484,  1,  622,  623,  624 
 485,  1,  623,  624,  625 
 486,  1,  624,  625,  626 
 487,  1,  625,  626,  627 
 488,  1,  626,  627,  628 
 489,  1,  627,  628,  629 
 490,  1,  628,  629,  630 
 491,  1,  631,  632,  633 
 492,  1,  632,  633,  634 
 493,  1,  633,  634,  635 
 494,  1,  634,  635,  636 
 495,  1,  635,  636,  637 
 496,  1,  636,  637,  638 
 497,  1,  637,  638,  639 
 498,  1,  640,  641,  642 
 499,  1,  641,  642,  643 
 500,  1,  642,  643,  644 
 501,  1,  643,  644,  645 
 502,  1,  644,  645,  646 
 503,  1,  645,  646,  647 
 504,  1,  646,  647,  648 
 505,  1,  649,  650,  651 
 506,  1,  650,  651,  652 
 507,  1,  651,  652,  653 
 508,  1,  652,  653,  654 
 509,  1,  653,  654,  655 
 510,  1,  654,  655,  656 
 511,  1,  655,  656,  657 
 512,  1,  658,  659,  660 
 513,  1,  659,  660,  661 
 514,  1,  660,  661,  662 
 515,  1,  661,  662,  663 
 516,  1,  662,  663,  664 
 517,  1,  663,  664,  665 
 518,  1,  664,  665,  666 
 519,  1,  667,  668,  669 
 520,  1,  668,  669,  670 
 521,  1,  669,  670,  671 
 522,  1,  670,  671,  672 
 523,  1,  671,  672,  673 
 524,  1,  672,  673,  674 
 525,  1,  673,  674,  675 
 526,  1,  676,  677,  678 
 527,  1,  677,  678,  679 
 528,  1,  678,  679,  680 
 529,  1,  679,  680,  681 
 530,  1,  680,  681,  682 
 531,  1,  681,  682,  683 
 532,  1,  682,  683,  684 
 533,  1,  685,  686,  687 
 534,  1,  686,  687,  688 
 535,  1,  687,  688,  689 
 536,  1,  688,  689,  690 
 537,  1,  689,  690,  691 
 538,  1,  690,  691,  692 
 539,  1,  691,  692,  693 
 540,  1,  694,  695,  696 
 541,  1,  695,  696,  697 
 542,  1,  696,  697,  698 
 543,  1,  697,  698,  699 
 544,  1,  698,  699,  700 
 545,  1,  699,  700,  701 
 546,  1,  700,  701,  702 
 547,  1,  703,  704,  705 
 548,  1,  704,  705,  706 
 549,  1,  705,  706,  707 
 550,  1,  706,  707,  708 
 551,  1,  707,  708,  709 
 552,  1,  708,  709,  710 
 553,  1,  709,  710,  711 
 554,  1,  712,  713,  714 
 555,  1,  713,  714,  715 
 556,  1,  714,  715,  716 
 557,  1,  715,  716,  717 
 558,  1,  716,  717,  718 
 559,  1,  717,  718,  719 
 560,  1,  718,  719,  720 
 561,  1,  721,  722,  723 
 562,  1,  722,  723,  724 
 563,  1,  723,  724,  725 
 564,  1,  724,  725,  726 
 565,  1,  725,  726,  727 
 566,  1,  726,  727,  728 
 567,  1,  727,  728,  729 
 568,  1,  730,  731,  732 
 569,  1,  731,  732,  733 
 570,  1,  732,  733,  734 
 571,  1,  733,  734,  735 
 572,  1,  734,  735,  736 
 573,  1,  735,  736,  737 
 574,  1,  736,  737,  738 
 575,  1,  739,  740,  741 
 576,  1,  740,  741,  742 
 577,  1,  741,  742,  743 
 578,  1,  742,  743,  744 
 579,  1,  743,  744,  745 
 580,  1,  744,  745,  746 
 581,  1,  745,  746,  747 
 582,  1,  748,  749,  750 
 583,  1,  749,  750,  751 
 584,  1,  750,  751,  752 
 585,  1,  751,  752,  753 
 586,  1,  752,  753,  754 
 587,  1,  753,  754,  755 
 588,  1,  754,  755,  756 
 589,  1,  757,  758,  759 
 590,  1,  758,  759,  760 
 591,  1,  759,  760,  761 
 592,  1,  760,  761,  762 
 593,  1,  761,  762,  763 
 594,  1,  762,  763,  764 
 595,  1,  763,  764,  765 
 596,  1,  766,  767,  768 
 597,  1,  767,  768,  769 
 598,  1,  768,  769,  770 
 599,  1,  769,  770,  771 
 600,  1,  770,  771,  772 
 601,  1,  771,  772,  773 
 602,  1,  772,  773,  774 
 603,  1,  775,  776,  777 
 604,  1,  776,  777,  778 
 605,  1,  777,  778,  779 
 606,  1,  778,  779,  780 
 607,  1,  779,  780,  781 
 608,  1,  780,  781,  782 
 609,  1,  781,  782,  783 
 610,  1,  784,  785,  786 
 611,  1,  785,  786,  787 
 612,  1,  786,  787,  788 
 613,  1,  787,  788,  789 
 614,  1,  788,  789,  790 
 615,  1,  789,  790,  791 
 616,  1,  790,  791,  792 
 617,  1,  793,  794,  795 
 618,  1,  794,  795,  796 
 619,  1,  795,  796,  797 
 620,  1,  796,  797,  798 
 621,  1,  797,  798,  799 
 622,  1,  798,  799,  800 
 623,  1,  799,  800,  801 
 624,  1,  802,  803,  804 
 625,  1,  803,  804,  805 
 626,  1,  804,  805,  806 
 627,  1,  805,  806,  807 
 628,  1,  806,  807,  808 
 629,  1,  807,  808,  809 
 630,  1,  808,  809,  810 
 631,  1,  811,  812,  813 
 632,  1,  812,  813,  814 
 633,  1,  813,  814,  815 
 634,  1,  814,  815,  816 
 635,  1,  815,  816,  817 
 636,  1,  816,  817,  818 
 637,  1,  817,  818,  819 
 638,  1,  820,  821,  822 
 639,  1,  821,  822,  823 
 640,  1,  822,  823,  824 
 641,  1,  823,  824,  825 
 642,  1,  824,  825,  826 
 643,  1,  825,  826,  827 
 644,  1,  826,  827,  828 
 645,  1,  829,  830,  831 
 646,  1,  830,  831,  832 
 647,  1,  831,  832,  833 
 648,  1,  832,  833,  834 
 649,  1,  833,  834,  835 
 650,  1,  834,  835,  836 
 651,  1,  835,  836,  837 
 652,  1,  838,  839,  840 
 653,  1,  839,  840,  841 
 654,  1,  840,  841,  842 
 655,  1,  841,  842,  843 
 656,  1,  842,  843,  844 
 657,  1,  843,  844,  845 
 658,  1,  844,  845,  846 
 659,  1,  847,  848,  849 
 660,  1,  848,  849,  850 
 661,  1,  849,  850,  851 
 662,  1,  850,  851,  852 
 663,  1,  851,  852,  853 
 664,  1,  852,  853,  854 
 665,  1,  853,  854,  855 
 666,  1,  856,  857,  858 
 667,  1,  857,  858,  859 
 668,  1,  858,  859,  860 
 669,  1,  859,  860,  861 
 670,  1,  860,  861,  862 
 671,  1,  861,  862,  863 
 672,  1,  862,  863,  864 
 673,  1,  865,  866,  867 
 674,  1,  866,  867,  868 
 675,  1,  867,  868,  869 
 676,  1,  868,  869,  870 
 677,  1,  869,  870,  871 
 678,  1,  870,  871,  872 
 679,  1,  871,  872,  873 
 680,  1,  874,  875,  876 
 681,  1,  875,  876,  877 
 682,  1,  876,  877,  878 
 683,  1,  877,  878,  879 
 684,  1,  878,  879,  880 
 685,  1,  879,  880,  881 
 686,  1,  880,  881,  882 
 687,  1,  883,  884,  885 
 688,  1,  884,  885,  886 
 689,  1,  885,  886,  887 
 690,  1,  886,  887,  888 
 691,  1,  887,  888,  889 
 692,  1,  888,  889,  890 
 693,  1,  889,  890,  891 
 694,  1,  892,  893,  894 
 695,  1,  893,  894,  895 
 696,  1,  894,  895,  896 
 697,  1,  895,  896,  897 
 698,  1,  896,  897,  898 
 699,  1,  897,  898,  899 
 700,  1,  898,  899,  900 
 701,  1,  901,  902,  903 
 702,  1,  902,  903,  904 
 703,  1,  903,  904,  905 
 704,  1,  904,  905,  906 
 705,  1,  905,  906,  907 
 706,  1,  906,  907,  908 
 707,  1,  907,  908,  909 
 708,  1,  910,  911,  912 
 709,  1,  911,  912,  913 
 710,  1,  912,  913,  914 
 711,  1,  913,  914,  915 
 712,  1,  914,  915,  916 
 713,  1,  915,  916,  917 
 714,  1,  916,  917,  918 
 715,  1,  919,  920,  921 
 716,  1,  920,  921,  922 
 717,  1,  921,  922,  923 
 718,  1,  922,  923,  924 
 719,  1,  923,  924,  925 
 720,  1,  924,  925,  926 
 721,  1,  925,  926,  927 
 722,  1,  928,  929,  930 
 723,  1,  929,  930,  931 
 724,  1,  930,  931,  932 
 725,  1,  931,  932,  933 
 726,  1,  932,  933,  934 
 727,  1,  933,  934,  935 
 728,  1,  934,  935,  936 
 729,  1,  937,  938,  939 
 730,  1,  938,  939,  940 
 731,  1,  939,  940,  941 
 732,  1,  940,  941,  942 
 733,  1,  941,  942,  943 
 734,  1,  942,  943,  944 
 735,  1,  943,  944,  945 
 736,  1,  946,  947,  948 
 737,  1,  947,  948,  949 
 738,  1,  948,  949,  950 
 739,  1,  949,  950,  951 
 740,  1,  950,  951,  952 
 741,  1,  951,  952,  953 
 742,  1,  952,  953,  954 
 743,  1,  955,  956,  957 
 744,  1,  956,  957,  958 
 745,  1,  957,  958,  959 
 746,  1,  958,  959,  960 
 747,  1,  959,  960,  961 
 748,  1,  960,  961,  962 
 749,  1,  961,  962,  963 
 750,  1,  964,  965,  966 
 751,  1,  965,  966,  967 
 752,  1,  966,  967,  968 
 753,  1,  967,  968,  969 
 754,  1,  968,  969,  970 
 755,  1,  969,  970,  971 
 756,  1,  970,  971,  972 
 757,  1,  973,  974,  975 
 758,  1,  974,  975,  976 
 759,  1,  975,  976,  977 
 760,  1,  976,  977,  978 
 761,  1,  977,  978,  979 
 762,  1,  978,  979,  980 
 763,  1,  979,  980,  981 
 764,  1,  982,  983,  984 
 765,  1,  983,  984,  985 
 766,  1,  984,  985,  986 
 767,  1,  985,  986,  987 
 768,  1,  986,  987,  988 
 769,  1,  987,  988,  989 
 770,  1,  988,  989,  990 
 771,  1,  991,  992,  993 
 772,  1,  992,  993,  994 
 773,  1,  993,  994,  995 
 774,  1,  994,  995,  996 
 775,  1,  995,  996,  997 
 776,  1,  996,  997,  998 
 777,  1,  997,  998,  999 
 778,  1,  1000,  1001,  1002 
 779,  1,  1001,  1002,  1003 
 780,  1,  1002,  1003,  1004 
 781,  1,  1003,  1004,  1005 
 782,  1,  1004,  1005,  1006 
 783,  1,  1005,  1006,  1007 
 784,  1,  1006,  1007,  1008 
 785,  1,  1009,  1010,  1011 
 786,  1,  1010,  1011,  1012 
 787,  1,  1011,  1012,  1013 
 788,  1,  1012,  1013,  1014 
 789,  1,  1013,  1014,  1015 
 790,  1,  1014,  1015,  1016 
 791,  1,  1015,  1016,  1017 
 792,  1,  1018,  1019,  1020 
 793,  1,  1019,  1020,  1021 
 794,  1,  1020,  1021,  1022 
 795,  1,  1021,  1022,  1023 
 796,  1,  1022,  1023,  1024 
 797,  1,  1023,  1024,  1025 
 798,  1,  1024,  1025,  1026 
 799,  1,  1027,  1028,  1029 
 800,  1,  1028,  1029,  1030 
 801,  1,  1029,  1030,  1031 
 802,  1,  1030,  1031,  1032 
 803,  1,  1031,  1032,  1033 
 804,  1,  1032,  1033,  1034 
 805,  1,  1033,  1034,  1035 
 806,  1,  1036,  1037,  1038 
 807,  1,  1037,  1038,  1039 
 808,  1,  1038,  1039,  1040 
 809,  1,  1039,  1040,  1041 
 810,  1,  1040,  1041,  1042 
 811,  1,  1041,  1042,  1043 
 812,  1,  1042,  1043,  1044 
 813,  1,  1045,  1046,  1047 
 814,  1,  1046,  1047,  1048 
 815,  1,  1047,  1048,  1049 
 816,  1,  1048,  1049,  1050 
 817,  1,  1049,  1050,  1051 
 818,  1,  1050,  1051,  1052 
 819,  1,  1051,  1052,  1053 
 820,  1,  1054,  1055,  1056 
 821,  1,  1055,  1056,  1057 
 822,  1,  1056,  1057,  1058 
 823,  1,  1057,  1058,  1059 
 824,  1,  1058,  1059,  1060 
 825,  1,  1059,  1060,  1061 
 826,  1,  1060,  1061,  1062 
 827,  1,  1063,  1064,  1065 
 828,  1,  1064,  1065,  1066 
 829,  1,  1065,  1066,  1067 
 830,  1,  1066,  1067,  1068 
 831,  1,  1067,  1068,  1069 
 832,  1,  1068,  1069,  1070 
 833,  1,  1069,  1070,  1071 
 834,  1,  1072,  1073,  1074 
 835,  1,  1073,  1074,  1075 
 836,  1,  1074,  1075,  1076 
 837,  1,  1075,  1076,  1077 
 838,  1,  1076,  1077,  1078 
 839,  1,  1077,  1078,  1079 
 840,  1,  1078,  1079,  1080 
 841,  1,  1081,  1082,  1083 
 842,  1,  1082,  1083,  1084 
 843,  1,  1083,  1084,  1085 
 844,  1,  1084,  1085,  1086 
 845,  1,  1085,  1086,  1087 
 846,  1,  1086,  1087,  1088 
 847,  1,  1087,  1088,  1089 
 848,  1,  1090,  1091,  1092 
 849,  1,  1091,  1092,  1093 
 850,  1,  1092,  1093,  1094 
 851,  1,  1093,  1094,  1095 
 852,  1,  1094,  1095,  1096 
 853,  1,  1095,  1096,  1097 
 854,  1,  1096,  1097,  1098 
 855,  1,  1099,  1100,  1101 
 856,  1,  1100,  1101,  1102 
 857,  1,  1101,  1102,  1103 
 858,  1,  1102,  1103,  1104 
 859,  1,  1103,  1104,  1105 
 860,  1,  1104,  1105,  1106 
 861,  1,  1105,  1106,  1107 
 862,  1,  1108,  1109,  1110 
 863,  1,  1109,  1110,  1111 
 864,  1,  1110,  1111,  1112 
 865,  1,  1111,  1112,  1113 
 866,  1,  1112,  1113,  1114 
 867,  1,  1113,  1114,  1115 
 868,  1,  1114,  1115,  1116 
 869,  1,  1117,  1118,  1119 
 870,  1,  1118,  1119,  1120 
 871,  1,  1119,  1120,  1121 
 872,  1,  1120,  1121,  1122 
 873,  1,  1121,  1122,  1123 
 874,  1,  1122,  1123,  1124 
 875,  1,  1123,  1124,  1125 
 876,  1,  1126,  1127,  1128 
 877,  1,  1127,  1128,  1129 
 878,  1,  1128,  1129,  1130 
 879,  1,  1129,  1130,  1131 
 880,  1,  1130,  1131,  1132 
 881,  1,  1131,  1132,  1133 
 882,  1,  1132,  1133,  1134 
 883,  1,  1135,  1136,  1137 
 884,  1,  1136,  1137,  1138 
 885,  1,  1137,  1138,  1139 
 886,  1,  1138,  1139,  1140 
 887,  1,  1139,  1140,  1141 
 888,  1,  1140,  1141,  1142 
 889,  1,  1141,  1142,  1143 
 890,  1,  1144,  1145,  1146 
 891,  1,  1145,  1146,  1147 
 892,  1,  1146,  1147,  1148 
 893,  1,  1147,  1148,  1149 
 894,  1,  1148,  1149,  1150 
 895,  1,  1149,  1150,  1151 
 896,  1,  1150,  1151,  1152 
 897,  1,  1153,  1154,  1155 
 898,  1,  1154,  1155,  1156 
 899,  1,  1155,  1156,  1157 
 900,  1,  1156,  1157,  1158 
 901,  1,  1157,  1158,  1159 
 902,  1,  1158,  1159,  1160 
 903,  1,  1159,  1160,  1161 
 904,  1,  1162,  1163,  1164 
 905,  1,  1163,  1164,  1165 
 906,  1,  1164,  1165,  1166 
 907,  1,  1165,  1166,  1167 
 908,  1,  1166,  1167,  1168 
 909,  1,  1167,  1168,  1169 
 910,  1,  1168,  1169,  1170 
 911,  1,  1171,  1172,  1173 
 912,  1,  1172,  1173,  1174 
 913,  1,  1173,  1174,  1175 
 914,  1,  1174,  1175,  1176 
 915,  1,  1175,  1176,  1177 
 916,  1,  1176,  1177,  1178 
 917,  1,  1177,  1178,  1179 
 918,  1,  1180,  1181,  1182 
 919,  1,  1181,  1182,  1183 
 920,  1,  1182,  1183,  1184 
 921,  1,  1183,  1184,  1185 
 922,  1,  1184,  1185,  1186 
 923,  1,  1185,  1186,  1187 
 924,  1,  1186,  1187,  1188 
 925,  1,  1189,  1190,  1191 
 926,  1,  1190,  1191,  1192 
 927,  1,  1191,  1192,  1193 
 928,  1,  1192,  1193,  1194 
 929,  1,  1193,  1194,  1195 
 930,  1,  1194,  1195,  1196 
 931,  1,  1195,  1196,  1197 
 932,  1,  1198,  1199,  1200 
 933,  1,  1199,  1200,  1201 
 934,  1,  1200,  1201,  1202 
 935,  1,  1201,  1202,  1203 
 936,  1,  1202,  1203,  1204 
 937,  1,  1203,  1204,  1205 
 938,  1,  1204,  1205,  1206 
 939,  1,  1207,  1208,  1209 
 940,  1,  1208,  1209,  1210 
 941,  1,  1209,  1210,  1211 
 942,  1,  1210,  1211,  1212 
 943,  1,  1211,  1212,  1213 
 944,  1,  1212,  1213,  1214 
 945,  1,  1213,  1214,  1215 
 946,  1,  1216,  1217,  1218 
 947,  1,  1217,  1218,  1219 
 948,  1,  1218,  1219,  1220 
 949,  1,  1219,  1220,  1221 
 950,  1,  1220,  1221,  1222 
 951,  1,  1221,  1222,  1223 
 952,  1,  1222,  1223,  1224 
 953,  1,  1225,  1226,  1227 
 954,  1,  1226,  1227,  1228 
 955,  1,  1227,  1228,  1229 
 956,  1,  1228,  1229,  1230 
 957,  1,  1229,  1230,  1231 
 958,  1,  1230,  1231,  1232 
 959,  1,  1231,  1232,  1233 
 960,  1,  1234,  1235,  1236 
 961,  1,  1235,  1236,  1237 
 962,  1,  1236,  1237,  1238 
 963,  1,  1237,  1238,  1239 
 964,  1,  1238,  1239,  1240 
 965,  1,  1239,  1240,  1241 
 966,  1,  1240,  1241,  1242 
 967,  1,  1243,  1244,  1245 
 968,  1,  1244,  1245,  1246 
 969,  1,  1245,  1246,  1247 
 970,  1,  1246,  1247,  1248 
 971,  1,  1247,  1248,  1249 
 972,  1,  1248,  1249,  1250 
 973,  1,  1249,  1250,  1251 
 974,  1,  1252,  1253,  1254 
 975,  1,  1253,  1254,  1255 
 976,  1,  1254,  1255,  1256 
 977,  1,  1255,  1256,  1257 
 978,  1,  1256,  1257,  1258 
 979,  1,  1257,  1258,  1259 
 980,  1,  1258,  1259,  1260 
 981,  1,  1261,  1262,  1263 
 982,  1,  1262,  1263,  1264 
 983,  1,  1263,  1264,  1265 
 984,  1,  1264,  1265,  1266 
 985,  1,  1265,  1266,  1267 
 986,  1,  1266,  1267,  1268 
 987,  1,  1267,  1268,  1269 
 988,  1,  1270,  1271,  1272 
 989,  1,  1271,  1272,  1273 
 990,  1,  1272,  1273,  1274 
 991,  1,  1273,  1274,  1275 
 992,  1,  1274,  1275,  1276 
 993,  1,  1275,  1276,  1277 
 994,  1,  1276,  1277,  1278 
 995,  1,  1279,  1280,  1281 
 996,  1,  1280,  1281,  1282 
 997,  1,  1281,  1282,  1283 
 998,  1,  1282,  1283,  1284 
 999,  1,  1283,  1284,  1285 
 1000,  1,  1284,  1285,  1286 
 1001,  1,  1285,  1286,  1287 
 1002,  1,  1288,  1289,  1290 
 1003,  1,  1289,  1290,  1291 
 1004,  1,  1290,  1291,  1292 
 1005,  1,  1291,  1292,  1293 
 1006,  1,  1292,  1293,  1294 
 1007,  1,  1293,  1294,  1295 
 1008,  1,  1294,  1295,  1296 
 1009,  1,  1297,  1298,  1299 
 1010,  1,  1298,  1299,  1300 
 1011,  1,  1299,  1300,  1301 
 1012,  1,  1300,  1301,  1302 
 1013,  1,  1301,  1302,  1303 
 1014,  1,  1302,  1303,  1304 
 1015,  1,  1303,  1304,  1305 
 1016,  1,  1306,  1307,  1308 
 1017,  1,  1307,  1308,  1309 
 1018,  1,  1308,  1309,  1310 
 1019,  1,  1309,  1310,  1311 
 1020,  1,  1310,  1311,  1312 
 1021,  1,  1311,  1312,  1313 
 1022,  1,  1312,  1313,  1314 
 1023,  1,  1315,  1316,  1317 
 1024,  1,  1316,  1317,  1318 
 1025,  1,  1317,  1318,  1319 
 1026,  1,  1318,  1319,  1320 
 1027,  1,  1319,  1320,  1321 
 1028,  1,  1320,  1321,  1322 
 1029,  1,  1321,  1322,  1323 
 1030,  1,  1324,  1325,  1326 
 1031,  1,  1325,  1326,  1327 
 1032,  1,  1326,  1327,  1328 
 1033,  1,  1327,  1328,  1329 
 1034,  1,  1328,  1329,  1330 
 1035,  1,  1329,  1330,  1331 
 1036,  1,  1330,  1331,  1332 
 1037,  1,  1333,  1334,  1335 
 1038,  1,  1334,  1335,  1336 
 1039,  1,  1335,  1336,  1337 
 1040,  1,  1336,  1337,  1338 
 1041,  1,  1337,  1338,  1339 
 1042,  1,  1338,  1339,  1340 
 1043,  1,  1339,  1340,  1341 
 1044,  1,  1342,  1343,  1344 
 1045,  1,  1343,  1344,  1345 
 1046,  1,  1344,  1345,  1346 
 1047,  1,  1345,  1346,  1347 
 1048,  1,  1346,  1347,  1348 
 1049,  1,  1347,  1348,  1349 
 1050,  1,  1348,  1349,  1350 
 1051,  1,  1351,  1352,  1353 
 1052,  1,  1352,  1353,  1354 
 1053,  1,  1353,  1354,  1355 
 1054,  1,  1354,  1355,  1356 
 1055,  1,  1355,  1356,  1357 
 1056,  1,  1356,  1357,  1358 
 1057,  1,  1357,  1358,  1359 
 1058,  1,  1360,  1361,  1362 
 1059,  1,  1361,  1362,  1363 
 1060,  1,  1362,  1363,  1364 
 1061,  1,  1363,  1364,  1365 
 1062,  1,  1364,  1365,  1366 
 1063,  1,  1365,  1366,  1367 
 1064,  1,  1366,  1367,  1368 
 1065,  1,  1369,  1370,  1371 
 1066,  1,  1370,  1371,  1372 
 1067,  1,  1371,  1372,  1373 
 1068,  1,  1372,  1373,  1374 
 1069,  1,  1373,  1374,  1375 
 1070,  1,  1374,  1375,  1376 
 1071,  1,  1375,  1376,  1377 
 1072,  1,  1378,  1379,  1380 
 1073,  1,  1379,  1380,  1381 
 1074,  1,  1380,  1381,  1382 
 1075,  1,  1381,  1382,  1383 
 1076,  1,  1382,  1383,  1384 
 1077,  1,  1383,  1384,  1385 
 1078,  1,  1384,  1385,  1386 
 1079,  1,  1387,  1388,  1389 
 1080,  1,  1388,  1389,  1390 
 1081,  1,  1389,  1390,  1391 
 1082,  1,  1390,  1391,  1392 
 1083,  1,  1391,  1392,  1393 
 1084,  1,  1392,  1393,  1394 
 1085,  1,  1393,  1394,  1395 
 1086,  1,  1396,  1397,  1398 
 1087,  1,  1397,  1398,  1399 
 1088,  1,  1398,  1399,  1400 
 1089,  1,  1399,  1400,  1401 
 1090,  1,  1400,  1401,  1402 
 1091,  1,  1401,  1402,  1403 
 1092,  1,  1402,  1403,  1404 
 1093,  1,  1405,  1406,  1407 
 1094,  1,  1406,  1407,  1408 
 1095,  1,  1407,  1408,  1409 
 1096,  1,  1408,  1409,  1410 
 1097,  1,  1409,  1410,  1411 
 1098,  1,  1410,  1411,  1412 
 1099,  1,  1411,  1412,  1413 
 1100,  1,  1414,  1415,  1416 
 1101,  1,  1415,  1416,  1417 
 1102,  1,  1416,  1417,  1418 
 1103,  1,  1417,  1418,  1419 
 1104,  1,  1418,  1419,  1420 
 1105,  1,  1419,  1420,  1421 
 1106,  1,  1420,  1421,  1422 
 1107,  1,  1423,  1424,  1425 
 1108,  1,  1424,  1425,  1426 
 1109,  1,  1425,  1426,  1427 
 1110,  1,  1426,  1427,  1428 
 1111,  1,  1427,  1428,  1429 
 1112,  1,  1428,  1429,  1430 
 1113,  1,  1429,  1430,  1431 
 1114,  1,  1432,  1433,  1434 
 1115,  1,  1433,  1434,  1435 
 1116,  1,  1434,  1435,  1436 
 1117,  1,  1435,  1436,  1437 
 1118,  1,  1436,  1437,  1438 
 1119,  1,  1437,  1438,  1439 
 1120,  1,  1438,  1439,  1440 
 1121,  1,  1441,  1442,  1443 
 1122,  1,  1442,  1443,  1444 
 1123,  1,  1443,  1444,  1445 
 1124,  1,  1444,  1445,  1446 
 1125,  1,  1445,  1446,  1447 
 1126,  1,  1446,  1447,  1448 
 1127,  1,  1447,  1448,  1449 
 1128,  1,  1450,  1451,  1452 
 1129,  1,  1451,  1452,  1453 
 1130,  1,  1452,  1453,  1454 
 1131,  1,  1453,  1454,  1455 
 1132,  1,  1454,  1455,  1456 
 1133,  1,  1455,  1456,  1457 
 1134,  1,  1456,  1457,  1458 
 1135,  1,  1459,  1460,  1461 
 1136,  1,  1460,  1461,  1462 
 1137,  1,  1461,  1462,  1463 
 1138,  1,  1462,  1463,  1464 
 1139,  1,  1463,  1464,  1465 
 1140,  1,  1464,  1465,  1466 
 1141,  1,  1465,  1466,  1467 
 1142,  1,  1468,  1469,  1470 
 1143,  1,  1469,  1470,  1471 
 1144,  1,  1470,  1471,  1472 
 1145,  1,  1471,  1472,  1473 
 1146,  1,  1472,  1473,  1474 
 1147,  1,  1473,  1474,  1475 
 1148,  1,  1474,  1475,  1476 
 1149,  1,  1477,  1478,  1479 
 1150,  1,  1478,  1479,  1480 
 1151,  1,  1479,  1480,  1481 
 1152,  1,  1480,  1481,  1482 
 1153,  1,  1481,  1482,  1483 
 1154,  1,  1482,  1483,  1484 
 1155,  1,  1483,  1484,  1485 
 1156,  1,  1486,  1487,  1488 
 1157,  1,  1487,  1488,  1489 
 1158,  1,  1488,  1489,  1490 
 1159,  1,  1489,  1490,  1491 
 1160,  1,  1490,  1491,  1492 
 1161,  1,  1491,  1492,  1493 
 1162,  1,  1492,  1493,  1494 
 1163,  1,  1495,  1496,  1497 
 1164,  1,  1496,  1497,  1498 
 1165,  1,  1497,  1498,  1499 
 1166,  1,  1498,  1499,  1500 
 1167,  1,  1499,  1500,  1501 
 1168,  1,  1500,  1501,  1502 
 1169,  1,  1501,  1502,  1503 
 1170,  1,  1504,  1505,  1506 
 1171,  1,  1505,  1506,  1507 
 1172,  1,  1506,  1507,  1508 
 1173,  1,  1507,  1508,  1509 
 1174,  1,  1508,  1509,  1510 
 1175,  1,  1509,  1510,  1511 
 1176,  1,  1510,  1511,  1512 
 1177,  1,  1513,  1514,  1515 
 1178,  1,  1514,  1515,  1516 
 1179,  1,  1515,  1516,  1517 
 1180,  1,  1516,  1517,  1518 
 1181,  1,  1517,  1518,  1519 
 1182,  1,  1518,  1519,  1520 
 1183,  1,  1519,  1520,  1521 
 1184,  1,  1522,  1523,  1524 
 1185,  1,  1523,  1524,  1525 
 1186,  1,  1524,  1525,  1526 
 1187,  1,  1525,  1526,  1527 
 1188,  1,  1526,  1527,  1528 
 1189,  1,  1527,  1528,  1529 
 1190,  1,  1528,  1529,  1530 
 1191,  1,  1531,  1532,  1533 
 1192,  1,  1532,  1533,  1534 
 1193,  1,  1533,  1534,  1535 
 1194,  1,  1534,  1535,  1536 
 1195,  1,  1535,  1536,  1537 
 1196,  1,  1536,  1537,  1538 
 1197,  1,  1537,  1538,  1539 
 1198,  1,  1540,  1541,  1542 
 1199,  1,  1541,  1542,  1543 
 1200,  1,  1542,  1543,  1544 
 1201,  1,  1543,  1544,  1545 
 1202,  1,  1544,  1545,  1546 
 1203,  1,  1545,  1546,  1547 
 1204,  1,  1546,  1547,  1548 
 1205,  1,  1549,  1550,  1551 
 1206,  1,  1550,  1551,  1552 
 1207,  1,  1551,  1552,  1553 
 1208,  1,  1552,  1553,  1554 
 1209,  1,  1553,  1554,  1555 
 1210,  1,  1554,  1555,  1556 
 1211,  1,  1555,  1556,  1557 
 1212,  1,  1558,  1559,  1560 
 1213,  1,  1559,  1560,  1561 
 1214,  1,  1560,  1561,  1562 
 1215,  1,  1561,  1562,  1563 
 1216,  1,  1562,  1563,  1564 
 1217,  1,  1563,  1564,  1565 
 1218,  1,  1564,  1565,  1566 
 1219,  1,  1567,  1568,  1569 
 1220,  1,  1568,  1569,  1570 
 1221,  1,  1569,  1570,  1571 
 1222,  1,  1570,  1571,  1572 
 1223,  1,  1571,  1572,  1573 
 1224,  1,  1572,  1573,  1574 
 1225,  1,  1573,  1574,  1575 
 1226,  1,  1576,  1577,  1578 
 1227,  1,  1577,  1578,  1579 
 1228,  1,  1578,  1579,  1580 
 1229,  1,  1579,  1580,  1581 
 1230,  1,  1580,  1581,  1582 
 1231,  1,  1581,  1582,  1583 
 1232,  1,  1582,  1583,  1584 
 1233,  1,  1585,  1586,  1587 
 1234,  1,  1586,  1587,  1588 
 1235,  1,  1587,  1588,  1589 
 1236,  1,  1588,  1589,  1590 
 1237,  1,  1589,  1590,  1591 
 1238,  1,  1590,  1591,  1592 
 1239,  1,  1591,  1592,  1593 
 1240,  1,  1594,  1595,  1596 
 1241,  1,  1595,  1596,  1597 
 1242,  1,  1596,  1597,  1598 
 1243,  1,  1597,  1598,  1599 
 1244,  1,  1598,  1599,  1600 
 1245,  1,  1599,  1600,  1601 
 1246,  1,  1600,  1601,  1602 
 1247,  1,  1603,  1604,  1605 
 1248,  1,  1604,  1605,  1606 
 1249,  1,  1605,  1606,  1607 
 1250,  1,  1606,  1607,  1608 
 1251,  1,  1607,  1608,  1609 
 1252,  1,  1608,  1609,  1610 
 1253,  1,  1609,  1610,  1611 
 1254,  1,  1612,  1613,  1614 
 1255,  1,  1613,  1614,  1615 
 1256,  1,  1614,  1615,  1616 
 1257,  1,  1615,  1616,  1617 
 1258,  1,  1616,  1617,  1618 
 1259,  1,  1617,  1618,  1619 
 1260,  1,  1618,  1619,  1620 
 1261,  1,  1621,  1622,  1623 
 1262,  1,  1622,  1623,  1624 
 1263,  1,  1623,  1624,  1625 
 1264,  1,  1624,  1625,  1626 
 1265,  1,  1625,  1626,  1627 
 1266,  1,  1626,  1627,  1628 
 1267,  1,  1627,  1628,  1629 
 1268,  1,  1630,  1631,  1632 
 1269,  1,  1631,  1632,  1633 
 1270,  1,  1632,  1633,  1634 
 1271,  1,  1633,  1634,  1635 
 1272,  1,  1634,  1635,  1636 
 1273,  1,  1635,  1636,  1637 
 1274,  1,  1636,  1637,  1638 
 1275,  1,  1639,  1640,  1641 
 1276,  1,  1640,  1641,  1642 
 1277,  1,  1641,  1642,  1643 
 1278,  1,  1642,  1643,  1644 
 1279,  1,  1643,  1644,  1645 
 1280,  1,  1644,  1645,  1646 
 1281,  1,  1645,  1646,  1647 
 1282,  1,  1648,  1649,  1650 
 1283,  1,  1649,  1650,  1651 
 1284,  1,  1650,  1651,  1652 
 1285,  1,  1651,  1652,  1653 
 1286,  1,  1652,  1653,  1654 
 1287,  1,  1653,  1654,  1655 
 1288,  1,  1654,  1655,  1656 
 1289,  1,  1657,  1658,  1659 
 1290,  1,  1658,  1659,  1660 
 1291,  1,  1659,  1660,  1661 
 1292,  1,  1660,  1661,  1662 
 1293,  1,  1661,  1662,  1663 
 1294,  1,  1662,  1663,  1664 
 1295,  1,  1663,  1664,  1665 
 1296,  1,  1666,  1667,  1668 
 1297,  1,  1667,  1668,  1669 
 1298,  1,  1668,  1669,  1670 
 1299,  1,  1669,  1670,  1671 
 1300,  1,  1670,  1671,  1672 
 1301,  1,  1671,  1672,  1673 
 1302,  1,  1672,  1673,  1674 
 1303,  1,  1675,  1676,  1677 
 1304,  1,  1676,  1677,  1678 
 1305,  1,  1677,  1678,  1679 
 1306,  1,  1678,  1679,  1680 
 1307,  1,  1679,  1680,  1681 
 1308,  1,  1680,  1681,  1682 
 1309,  1,  1681,  1682,  1683 
 1310,  1,  1684,  1685,  1686 
 1311,  1,  1685,  1686,  1687 
 1312,  1,  1686,  1687,  1688 
 1313,  1,  1687,  1688,  1689 
 1314,  1,  1688,  1689,  1690 
 1315,  1,  1689,  1690,  1691 
 1316,  1,  1690,  1691,  1692 
 1317,  1,  1693,  1694,  1695 
 1318,  1,  1694,  1695,  1696 
 1319,  1,  1695,  1696,  1697 
 1320,  1,  1696,  1697,  1698 
 1321,  1,  1697,  1698,  1699 
 1322,  1,  1698,  1699,  1700 
 1323,  1,  1699,  1700,  1701 
 1324,  1,  1702,  1703,  1704 
 1325,  1,  1703,  1704,  1705 
 1326,  1,  1704,  1705,  1706 
 1327,  1,  1705,  1706,  1707 
 1328,  1,  1706,  1707,  1708 
 1329,  1,  1707,  1708,  1709 
 1330,  1,  1708,  1709,  1710 
 1331,  1,  1711,  1712,  1713 
 1332,  1,  1712,  1713,  1714 
 1333,  1,  1713,  1714,  1715 
 1334,  1,  1714,  1715,  1716 
 1335,  1,  1715,  1716,  1717 
 1336,  1,  1716,  1717,  1718 
 1337,  1,  1717,  1718,  1719 
 1338,  1,  1720,  1721,  1722 
 1339,  1,  1721,  1722,  1723 
 1340,  1,  1722,  1723,  1724 
 1341,  1,  1723,  1724,  1725 
 1342,  1,  1724,  1725,  1726 
 1343,  1,  1725,  1726,  1727 
 1344,  1,  1726,  1727,  1728 
 1345,  1,  1729,  1730,  1731 
 1346,  1,  1730,  1731,  1732 
 1347,  1,  1731,  1732,  1733 
 1348,  1,  1732,  1733,  1734 
 1349,  1,  1733,  1734,  1735 
 1350,  1,  1734,  1735,  1736 
 1351,  1,  1735,  1736,  1737 
 1352,  1,  1738,  1739,  1740 
 1353,  1,  1739,  1740,  1741 
 1354,  1,  1740,  1741,  1742 
 1355,  1,  1741,  1742,  1743 
 1356,  1,  1742,  1743,  1744 
 1357,  1,  1743,  1744,  1745 
 1358,  1,  1744,  1745,  1746 
 1359,  1,  1747,  1748,  1749 
 1360,  1,  1748,  1749,  1750 
 1361,  1,  1749,  1750,  1751 
 1362,  1,  1750,  1751,  1752 
 1363,  1,  1751,  1752,  1753 
 1364,  1,  1752,  1753,  1754 
 1365,  1,  1753,  1754,  1755 
 1366,  1,  1756,  1757,  1758 
 1367,  1,  1757,  1758,  1759 
 1368,  1,  1758,  1759,  1760 
 1369,  1,  1759,  1760,  1761 
 1370,  1,  1760,  1761,  1762 
 1371,  1,  1761,  1762,  1763 
 1372,  1,  1762,  1763,  1764 
 1373,  1,  1765,  1766,  1767 
 1374,  1,  1766,  1767,  1768 
 1375,  1,  1767,  1768,  1769 
 1376,  1,  1768,  1769,  1770 
 1377,  1,  1769,  1770,  1771 
 1378,  1,  1770,  1771,  1772 
 1379,  1,  1771,  1772,  1773 
 1380,  1,  1774,  1775,  1776 
 1381,  1,  1775,  1776,  1777 
 1382,  1,  1776,  1777,  1778 
 1383,  1,  1777,  1778,  1779 
 1384,  1,  1778,  1779,  1780 
 1385,  1,  1779,  1780,  1781 
 1386,  1,  1780,  1781,  1782 
 1387,  1,  1783,  1784,  1785 
 1388,  1,  1784,  1785,  1786 
 1389,  1,  1785,  1786,  1787 
 1390,  1,  1786,  1787,  1788 
 1391,  1,  1787,  1788,  1789 
 1392,  1,  1788,  1789,  1790 
 1393,  1,  1789,  1790,  1791 
 1394,  1,  1792,  1793,  1794 
 1395,  1,  1793,  1794,  1795 
 1396,  1,  1794,  1795,  1796 
 1397,  1,  1795,  1796,  1797 
 1398,  1,  1796,  1797,  1798 
 1399,  1,  1797,  1798,  1799 
 1400,  1,  1798,  1799,  1800 
 1401,  1,  1801,  1802,  1803 
 1402,  1,  1802,  1803,  1804 
 1403,  1,  1803,  1804,  1805 
 1404,  1,  1804,  1805,  1806 
 1405,  1,  1805,  1806,  1807 
 1406,  1,  1806,  1807,  1808 
 1407,  1,  1807,  1808,  1809 
 1408,  1,  1810,  1811,  1812 
 1409,  1,  1811,  1812,  1813 
 1410,  1,  1812,  1813,  1814 
 1411,  1,  1813,  1814,  1815 
 1412,  1,  1814,  1815,  1816 
 1413,  1,  1815,  1816,  1817 
 1414,  1,  1816,  1817,  1818 
 1415,  1,  1819,  1820,  1821 
 1416,  1,  1820,  1821,  1822 
 1417,  1,  1821,  1822,  1823 
 1418,  1,  1822,  1823,  1824 
 1419,  1,  1823,  1824,  1825 
 1420,  1,  1824,  1825,  1826 
 1421,  1,  1825,  1826,  1827 
 1422,  1,  1828,  1829,  1830 
 1423,  1,  1829,  1830,  1831 
 1424,  1,  1830,  1831,  1832 
 1425,  1,  1831,  1832,  1833 
 1426,  1,  1832,  1833,  1834 
 1427,  1,  1833,  1834,  1835 
 1428,  1,  1834,  1835,  1836 
 1429,  1,  1837,  1838,  1839 
 1430,  1,  1838,  1839,  1840 
 1431,  1,  1839,  1840,  1841 
 1432,  1,  1840,  1841,  1842 
 1433,  1,  1841,  1842,  1843 
 1434,  1,  1842,  1843,  1844 
 1435,  1,  1843,  1844,  1845 
 1436,  1,  1846,  1847,  1848 
 1437,  1,  1847,  1848,  1849 
 1438,  1,  1848,  1849,  1850 
 1439,  1,  1849,  1850,  1851 
 1440,  1,  1850,  1851,  1852 
 1441,  1,  1851,  1852,  1853 
 1442,  1,  1852,  1853,  1854 
 1443,  1,  1855,  1856,  1857 
 1444,  1,  1856,  1857,  1858 
 1445,  1,  1857,  1858,  1859 
 1446,  1,  1858,  1859,  1860 
 1447,  1,  1859,  1860,  1861 
 1448,  1,  1860,  1861,  1862 
 1449,  1,  1861,  1862,  1863 
 1450,  1,  1864,  1865,  1866 
 1451,  1,  1865,  1866,  1867 
 1452,  1,  1866,  1867,  1868 
 1453,  1,  1867,  1868,  1869 
 1454,  1,  1868,  1869,  1870 
 1455,  1,  1869,  1870,  1871 
 1456,  1,  1870,  1871,  1872 
 1457,  1,  1873,  1874,  1875 
 1458,  1,  1874,  1875,  1876 
 1459,  1,  1875,  1876,  1877 
 1460,  1,  1876,  1877,  1878 
 1461,  1,  1877,  1878,  1879 
 1462,  1,  1878,  1879,  1880 
 1463,  1,  1879,  1880,  1881 
 1464,  1,  1882,  1883,  1884 
 1465,  1,  1883,  1884,  1885 
 1466,  1,  1884,  1885,  1886 
 1467,  1,  1885,  1886,  1887 
 1468,  1,  1886,  1887,  1888 
 1469,  1,  1887,  1888,  1889 
 1470,  1,  1888,  1889,  1890 
 1471,  1,  1891,  1892,  1893 
 1472,  1,  1892,  1893,  1894 
 1473,  1,  1893,  1894,  1895 
 1474,  1,  1894,  1895,  1896 
 1475,  1,  1895,  1896,  1897 
 1476,  1,  1896,  1897,  1898 
 1477,  1,  1897,  1898,  1899 
 1478,  1,  1900,  1901,  1902 
 1479,  1,  1901,  1902,  1903 
 1480,  1,  1902,  1903,  1904 
 1481,  1,  1903,  1904,  1905 
 1482,  1,  1904,  1905,  1906 
 1483,  1,  1905,  1906,  1907 
 1484,  1,  1906,  1907,  1908 
 1485,  1,  1909,  1910,  1911 
 1486,  1,  1910,  1911,  1912 
 1487,  1,  1911,  1912,  1913 
 1488,  1,  1912,  1913,  1914 
 1489,  1,  1913,  1914,  1915 
 1490,  1,  1914,  1915,  1916 
 1491,  1,  1915,  1916,  1917 
 1492,  1,  1918,  1919,  1920 
 1493,  1,  1919,  1920,  1921 
 1494,  1,  1920,  1921,  1922 
 1495,  1,  1921,  1922,  1923 
 1496,  1,  1922,  1923,  1924 
 1497,  1,  1923,  1924,  1925 
 1498,  1,  1924,  1925,  1926 
 1499,  1,  1927,  1928,  1929 
 1500,  1,  1928,  1929,  1930 
 1501,  1,  1929,  1930,  1931 
 1502,  1,  1930,  1931,  1932 
 1503,  1,  1931,  1932,  1933 
 1504,  1,  1932,  1933,  1934 
 1505,  1,  1933,  1934,  1935 
 1506,  1,  1936,  1937,  1938 
 1507,  1,  1937,  1938,  1939 
 1508,  1,  1938,  1939,  1940 
 1509,  1,  1939,  1940,  1941 
 1510,  1,  1940,  1941,  1942 
 1511,  1,  1941,  1942,  1943 
 1512,  1,  1942,  1943,  1944 
 1513,  1,  1945,  1946,  1947 
 1514,  1,  1946,  1947,  1948 
 1515,  1,  1947,  1948,  1949 
 1516,  1,  1948,  1949,  1950 
 1517,  1,  1949,  1950,  1951 
 1518,  1,  1950,  1951,  1952 
 1519,  1,  1951,  1952,  1953 
 1520,  1,  1954,  1955,  1956 
 1521,  1,  1955,  1956,  1957 
 1522,  1,  1956,  1957,  1958 
 1523,  1,  1957,  1958,  1959 
 1524,  1,  1958,  1959,  1960 
 1525,  1,  1959,  1960,  1961 
 1526,  1,  1960,  1961,  1962 
 1527,  1,  1963,  1964,  1965 
 1528,  1,  1964,  1965,  1966 
 1529,  1,  1965,  1966,  1967 
 1530,  1,  1966,  1967,  1968 
 1531,  1,  1967,  1968,  1969 
 1532,  1,  1968,  1969,  1970 
 1533,  1,  1969,  1970,  1971 
 1534,  1,  1972,  1973,  1974 
 1535,  1,  1973,  1974,  1975 
 1536,  1,  1974,  1975,  1976 
 1537,  1,  1975,  1976,  1977 
 1538,  1,  1976,  1977,  1978 
 1539,  1,  1977,  1978,  1979 
 1540,  1,  1978,  1979,  1980 
 1541,  1,  1981,  1982,  1983 
 1542,  1,  1982,  1983,  1984 
 1543,  1,  1983,  1984,  1985 
 1544,  1,  1984,  1985,  1986 
 1545,  1,  1985,  1986,  1987 
 1546,  1,  1986,  1987,  1988 
 1547,  1,  1987,  1988,  1989 
 1548,  1,  1990,  1991,  1992 
 1549,  1,  1991,  1992,  1993 
 1550,  1,  1992,  1993,  1994 
 1551,  1,  1993,  1994,  1995 
 1552,  1,  1994,  1995,  1996 
 1553,  1,  1995,  1996,  1997 
 1554,  1,  1996,  1997,  1998 
 1555,  1,  1999,  2000,  2001 
 1556,  1,  2000,  2001,  2002 
 1557,  1,  2001,  2002,  2003 
 1558,  1,  2002,  2003,  2004 
 1559,  1,  2003,  2004,  2005 
 1560,  1,  2004,  2005,  2006 
 1561,  1,  2005,  2006,  2007 
 1562,  1,  2008,  2009,  2010 
 1563,  1,  2009,  2010,  2011 
 1564,  1,  2010,  2011,  2012 
 1565,  1,  2011,  2012,  2013 
 1566,  1,  2012,  2013,  2014 
 1567,  1,  2013,  2014,  2015 
 1568,  1,  2014,  2015,  2016 
 1569,  1,  2017,  2018,  2019 
 1570,  1,  2018,  2019,  2020 
 1571,  1,  2019,  2020,  2021 
 1572,  1,  2020,  2021,  2022 
 1573,  1,  2021,  2022,  2023 
 1574,  1,  2022,  2023,  2024 
 1575,  1,  2023,  2024,  2025 
 1576,  1,  2026,  2027,  2028 
 1577,  1,  2027,  2028,  2029 
 1578,  1,  2028,  2029,  2030 
 1579,  1,  2029,  2030,  2031 
 1580,  1,  2030,  2031,  2032 
 1581,  1,  2031,  2032,  2033 
 1582,  1,  2032,  2033,  2034 
 1583,  1,  2035,  2036,  2037 
 1584,  1,  2036,  2037,  2038 
 1585,  1,  2037,  2038,  2039 
 1586,  1,  2038,  2039,  2040 
 1587,  1,  2039,  2040,  2041 
 1588,  1,  2040,  2041,  2042 
 1589,  1,  2041,  2042,  2043 
 1590,  1,  2044,  2045,  2046 
 1591,  1,  2045,  2046,  2047 
 1592,  1,  2046,  2047,  2048 
 1593,  1,  2047,  2048,  2049 
 1594,  1,  2048,  2049,  2050 
 1595,  1,  2049,  2050,  2051 
 1596,  1,  2050,  2051,  2052 
 1597,  1,  2053,  2054,  2055 
 1598,  1,  2054,  2055,  2056 
 1599,  1,  2055,  2056,  2057 
 1600,  1,  2056,  2057,  2058 
 1601,  1,  2057,  2058,  2059 
 1602,  1,  2058,  2059,  2060 
 1603,  1,  2059,  2060,  2061 
 1604,  1,  2062,  2063,  2064 
 1605,  1,  2063,  2064,  2065 
 1606,  1,  2064,  2065,  2066 
 1607,  1,  2065,  2066,  2067 
 1608,  1,  2066,  2067,  2068 
 1609,  1,  2067,  2068,  2069 
 1610,  1,  2068,  2069,  2070 
 1611,  1,  2071,  2072,  2073 
 1612,  1,  2072,  2073,  2074 
 1613,  1,  2073,  2074,  2075 
 1614,  1,  2074,  2075,  2076 
 1615,  1,  2075,  2076,  2077 
 1616,  1,  2076,  2077,  2078 
 1617,  1,  2077,  2078,  2079 
 1618,  1,  2080,  2081,  2082 
 1619,  1,  2081,  2082,  2083 
 1620,  1,  2082,  2083,  2084 
 1621,  1,  2083,  2084,  2085 
 1622,  1,  2084,  2085,  2086 
 1623,  1,  2085,  2086,  2087 
 1624,  1,  2086,  2087,  2088 
